id,latitude,longitude,altitude,ground_speed,fix_quality,timestamp
262,-19.90513233,-43.92779733,835.17,0.00,1,1768569700352
262,-19.90513233,-43.92779733,835.17,0.00,1,1768569700352
262,-19.90513233,-43.92779733,835.17,0.00,1,1768569700352
262,-19.90513233,-43.92779733,835.17,0.00,1,1768569700352
262,-19.90513233,-43.92779733,835.17,0.00,1,1768569700352
262,-19.90513233,-43.92779733,835.17,0.00,1,1768569700352
262,-19.90513233,-43.92779733,835.17,0.00,1,1768569700352
262,-19.90513233,-43.92779733,835.17,0.00,1,1768569700352
262,-19.90513233,-43.92779733,835.17,0.00,1,1768569700352
262,-19.90513233,-43.92779733,835.17,0.00,1,1768569700352
262,-19.90513233,-43.92779733,835.17,0.00,1,1768569700352
262,-19.90513233,-43.92779733,835.17,0.00,1,1768569700352
262,-19.90513233,-43.92779733,835.17,0.00,1,1768569700352
262,-19.90513233,-43.92779733,835.17,0.00,1,1768569700352
262,-19.90513233,-43.92779733,835.17,0.00,1,1768569700352
262,-19.90513233,-43.92779733,835.17,0.00,1,1768569700352
262,-19.90513233,-43.92779733,835.17,0.00,1,1768569700352
262,-19.90513233,-43.92779733,835.17,0.00,1,1768569700352
262,-19.90513233,-43.92779733,835.17,0.00,1,1768569700352
262,-19.90513233,-43.92779733,835.17,0.00,1,1768569700352
262,-19.90513233,-43.92779733,835.17,0.00,1,1768569700352
262,-19.90513233,-43.92779733,835.17,0.00,1,1768569700352
262,-19.90513233,-43.92779733,835.17,0.00,1,1768569700352
262,-19.90513233,-43.92779733,835.17,0.00,1,1768569700352
262,-19.90513233,-43.92779733,835.17,0.00,1,1768569700352
262,-19.90513233,-43.92779733,835.17,0.00,1,1768569700352
262,-19.90513233,-43.92779733,835.17,0.00,1,1768569700352
262,-19.90513233,-43.92779733,835.17,0.00,1,1768569700352
262,-19.90513233,-43.92779733,835.17,0.00,1,1768569700352
262,-19.90513233,-43.92779733,835.17,0.00,1,1768569700352
262,-19.90513233,-43.92779733,835.17,0.00,1,1768569700352
262,-19.90513233,-43.92779733,835.17,0.00,1,1768569700352
262,-19.90513233,-43.92779733,835.17,0.00,1,1768569700352
262,-19.90513233,-43.92779733,835.17,0.00,1,1768569700352
262,-19.90513233,-43.92779733,835.17,0.00,1,1768569700352
262,-19.90513233,-43.92779733,835.17,0.00,1,1768569700352
262,-19.90513233,-43.92779733,835.17,0.00,1,1768569700352
262,-19.90513233,-43.92779733,835.17,0.00,1,1768569700352
262,-19.90513233,-43.92779733,835.17,0.00,1,1768569700352
262,-19.90513233,-43.92779733,835.17,0.00,1,1768569700352
262,-19.90513233,-43.92779733,835.17,0.00,1,1768569700352
262,-19.90513233,-43.92779733,835.17,0.00,1,1768569700352
262,-19.90513233,-43.92779733,835.17,0.00,1,1768569700352
262,-19.90513233,-43.92779733,835.17,0.00,1,1768569700352
262,-19.90513233,-43.92779733,835.17,0.00,1,1768569700352
262,-19.90513233,-43.92779733,835.17,0.00,1,1768569700352
262,-19.90513233,-43.92779733,835.17,0.00,1,1768569700352
262,-19.90513233,-43.92779733,835.17,0.00,1,1768569700352
262,-19.90513233,-43.92779733,835.17,0.00,1,1768569700352
262,-19.90513233,-43.92779733,835.17,0.00,1,1768569700352
262,-19.90513233,-43.92779733,835.17,0.00,1,1768569700352
262,-19.90513233,-43.92779733,835.17,0.00,1,1768569700352
262,-19.90513233,-43.92779733,835.17,0.00,1,1768569700352
262,-19.90513233,-43.92779733,835.17,0.00,1,1768569700352
262,-19.90513233,-43.92779733,835.17,0.00,1,1768577171456
262,-19.90513233,-43.92779733,835.17,0.00,1,1768577171456
262,-19.90513233,-43.92779733,835.17,0.00,1,1768577171456
262,-19.90513233,-43.92779733,835.17,0.00,1,1768577171456
262,-19.90513233,-43.92779733,835.17,0.00,1,1768577171456
262,-19.90513233,-43.92779733,835.17,0.00,1,1768577171456
262,-19.90513233,-43.92779733,835.17,0.00,1,1768577171456
262,-19.90513233,-43.92779733,835.17,0.00,1,1768577171456
262,-19.90513233,-43.92779733,835.17,0.00,1,1768577171456
262,-19.90513233,-43.92779733,835.17,0.00,1,1768577171456
262,-19.90513233,-43.92779733,835.17,0.00,1,1768577171456
262,-19.90513233,-43.92779733,835.17,0.00,1,1768577171456
262,-19.90513233,-43.92779733,835.17,0.00,1,1768577171456
262,-19.90513233,-43.92779733,835.17,0.00,1,1768577171456
262,-19.90513233,-43.92779733,835.17,0.00,1,1768577171456
262,-19.90513233,-43.92779733,835.17,0.00,1,1768577171456
262,-19.90513233,-43.92779733,835.17,0.00,1,1768577171456
262,-19.90513233,-43.92779733,835.17,0.00,1,1768577171456
262,-19.90513233,-43.92779733,835.17,0.00,1,1768577171456
262,-19.90513233,-43.92779733,835.17,0.00,1,1768577171456
262,-19.90513233,-43.92779733,835.17,0.00,1,1768577171456
262,-19.90513233,-43.92779733,835.17,0.00,1,1768577171456
262,-19.90513233,-43.92779733,835.17,0.00,1,1768577171456
262,-19.90513233,-43.92779733,835.17,0.00,1,1768577171456
262,-19.90513233,-43.92779733,835.17,0.00,1,1768577171456
262,-19.90513233,-43.92779733,835.17,0.00,1,1768577171456
262,-19.90513233,-43.92779733,835.17,0.00,1,1768577171456
262,-19.90513233,-43.92779733,835.17,0.00,1,1768577171456
262,-19.90513233,-43.92779733,835.17,0.00,1,1768577171456
262,-19.90513233,-43.92779733,835.17,0.00,1,1768577171456
262,-19.90513233,-43.92779733,835.17,0.00,1,1768577171456
262,-19.90513233,-43.92779733,835.17,0.00,1,1768577171456
262,-19.90513233,-43.92779733,835.17,0.00,1,1768577171456
262,-19.90513233,-43.92779733,835.17,0.00,1,1768577171456
262,-19.90513233,-43.92779733,835.17,0.00,1,1768577171456
262,-19.90513233,-43.92779733,835.17,0.00,1,1768577171456
262,-19.90513233,-43.92779733,835.17,0.00,1,1768577171456
262,-19.90513233,-43.92779733,835.17,0.00,1,1768577171456
262,-19.90513233,-43.92779733,835.17,0.00,1,1768577171456
262,-19.90513233,-43.92779733,835.17,0.00,1,1768577171456
262,-19.90513233,-43.92779733,835.17,0.00,1,1768577171456
262,-19.90513233,-43.92779733,835.17,0.00,1,1768577171456
262,-19.90513233,-43.92779733,835.17,0.00,1,1768577171456
262,-19.90513233,-43.92779733,835.17,0.00,1,1768577171456
262,-19.90513233,-43.92779733,835.17,0.00,1,1768577171456
262,-19.90513233,-43.92779733,835.17,0.00,1,1768577171456
262,-19.90513233,-43.92779733,835.17,0.00,1,1768577171456
262,-19.90513233,-43.92779733,835.17,0.00,1,1768577171456
262,-19.90513233,-43.92779733,835.17,0.00,1,1768577171456
262,-19.90513233,-43.92779733,835.17,0.00,1,1768577171456
262,-19.90513233,-43.92779733,835.17,0.00,1,1768577171456
262,-19.90513233,-43.92779733,835.17,0.00,1,1768577171456
262,-19.90513233,-43.92779733,835.17,0.00,1,1768577171456
262,-19.90513233,-43.92779733,835.17,0.00,1,1768577171456
262,-19.90513233,-43.92779733,835.17,0.00,1,1768577171456
262,-19.90513233,-43.92779733,835.17,0.00,1,1768577171456
262,-19.90513233,-43.92779733,835.17,0.00,1,1768577171456
262,-19.90513233,-43.92779733,835.17,0.00,1,1768577171456
262,-19.90513233,-43.92779733,835.17,0.00,1,1768577171456
262,-19.90513233,-43.92779733,835.17,0.00,1,1768577171456
262,-19.90513233,-43.92779733,835.17,0.00,1,1768577171456
262,-19.90513233,-43.92779733,835.17,0.00,1,1768577171456
262,-19.90513233,-43.92779733,835.17,0.00,1,1768577171456
262,-19.90513233,-43.92779733,835.17,0.00,1,1768577171456
262,-19.90513233,-43.92779733,835.17,0.00,1,1768577171456
262,-19.90513233,-43.92779733,835.17,0.00,1,1768577171456
262,-19.90513233,-43.92779733,835.17,0.00,1,1768577171456
262,-19.90513233,-43.92779733,835.17,0.00,1,1768577171456
262,-19.90513233,-43.92779733,835.17,0.00,1,1768577171456
262,-19.90513233,-43.92779733,835.17,0.00,1,1768577171456
262,-19.90513233,-43.92779733,835.17,0.00,1,1768577171456
262,-19.90513233,-43.92779733,835.17,0.00,1,1768577171456
262,-19.90513233,-43.92779733,835.17,0.00,1,1768577171456
262,-19.90513233,-43.92779733,835.17,0.00,1,1768577171456
262,-19.90513233,-43.92779733,835.17,0.00,1,1768577171456
262,-19.90521367,-43.92780950,840.81,0.00,0,1768577171456
262,-19.90521917,-43.92778050,841.98,0.00,0,1768577171456
262,-19.90521917,-43.92778050,841.98,0.00,0,1768577171456
262,-19.90521917,-43.92778050,841.98,0.00,0,1768577171456
262,-19.90521917,-43.92778050,841.98,0.00,0,1768577171456
262,-19.90521900,-43.92778033,841.98,0.00,0,1768577171456
262,-19.90521900,-43.92778050,841.98,0.00,0,1768577171456
262,-19.90521900,-43.92778050,841.98,0.00,0,1768577171456
262,-19.90521867,-43.92778050,841.99,0.00,0,1768577171456
262,-19.90521867,-43.92778050,841.99,0.00,0,1768577171456
262,-19.90521583,-43.92777300,843.43,0.00,0,1768577171456
262,-19.90521583,-43.92777300,843.43,0.00,0,1768577171456
262,-19.90521583,-43.92777300,843.43,0.00,0,1768577171456
262,-19.90521517,-43.92777317,843.44,0.00,0,1768577171456
262,-19.90521517,-43.92777300,843.44,0.00,0,1768577171456
262,-19.90521517,-43.92777300,843.44,0.00,0,1768577171456
262,-19.90521500,-43.92777300,843.44,0.00,0,1768577171456
262,-19.90521133,-43.92776917,844.84,0.00,0,1768577171456
262,-19.90521133,-43.92776917,844.84,0.00,0,1768577171456
262,0.00000000,0.00000000,844.84,0.00,0,0
262,0.00000000,0.00000000,844.84,0.00,0,0
262,-19.90521050,-43.92776950,844.84,640.79,0,1768577171456
262,-19.90521050,-43.92776950,844.84,640.79,0,1768577171456
262,-19.90520983,-43.92776967,844.84,635.05,0,1768577171456
262,-19.90520950,-43.92776967,844.83,0.00,0,1768577171456
262,-19.90520950,-43.92776967,844.83,0.00,0,1768577171456
262,-19.90516933,-43.92774800,850.45,0.00,0,1768577171456
262,-19.90516933,-43.92774800,850.45,0.00,0,1768577171456
262,-19.90516933,-43.92774800,850.45,0.00,0,1768577171456
262,-19.90516933,-43.92774800,850.45,0.00,0,1768577171456
262,-19.90516950,-43.92774783,850.45,0.00,0,1768577171456
262,-19.90516950,-43.92774783,850.45,0.00,0,1768577171456
262,-19.90516950,-43.92774783,850.45,0.00,0,1768577171456
262,-19.90517000,-43.92774700,850.44,0.00,0,1768577171456
262,-19.90517000,-43.92774700,850.44,0.00,0,1768577171456
262,-19.90517650,-43.92774683,851.85,0.00,0,1768577171456
262,-19.90517650,-43.92774683,851.85,0.00,0,1768577171456
262,-19.90517650,-43.92774683,851.85,0.00,0,1768577171456
262,-19.90517583,-43.92774683,851.85,0.00,0,1768577171456
262,-19.90517583,-43.92774683,851.85,0.00,0,1768577171456
262,-19.90517583,-43.92774683,851.84,0.00,0,1768577171456
262,-19.90517567,-43.92774667,851.84,0.00,0,1768577171456
262,-19.90517567,-43.92774667,851.84,0.00,0,1768577171456
262,-19.90518050,-43.92774983,853.11,0.00,0,1768577171456
262,-19.90518033,0.00000000,853.11,0.00,0,1768577171456
262,-19.90518033,0.00000000,853.11,0.00,0,1768577171456
262,-19.90518033,-43.92774950,853.11,0.00,0,1768577171456
262,-19.90518033,-43.92774950,853.11,0.00,0,1768577171456
262,-19.90518033,-43.92774950,853.11,0.00,0,1768577171456
262,-19.90518033,-43.92774950,853.11,0.00,0,1768577171456
262,-19.90518033,-43.92774950,853.11,0.00,0,1768577171456
262,-19.90518033,-43.92774900,853.11,162.05,0,1768577171456
262,-19.90518033,-43.92774900,853.11,162.05,0,1768577171456
262,-19.90511900,-43.92769933,861.08,0.00,0,1768577171456
262,-19.90511900,-43.92769933,861.08,0.00,0,1768577171456
262,-19.90511883,-43.92769950,861.08,0.00,0,1768577171456
262,-19.90511883,-43.92769950,861.08,0.00,0,1768577171456
262,-19.90511900,-43.92770000,861.09,503.19,0,1768577171456
262,-19.90511900,-43.92770033,861.09,0.00,0,1768577171456
262,-19.90511900,-43.92770033,861.09,0.00,0,1768577171456
262,-19.90511883,-43.92770050,861.09,0.00,0,1768577171456
262,-19.90511883,-43.92770050,861.09,0.00,0,1768577171456
262,-19.90511567,-43.92769383,863.50,0.00,0,1768577171456
262,-19.90511567,-43.92769383,863.50,0.00,0,1768577171456
262,-19.90511567,-43.92769383,863.51,0.00,0,1768577171456
262,-19.90511550,-43.92769383,863.50,0.00,0,1768577171456
262,-19.90511550,-43.92769383,863.50,0.00,0,1768577171456
262,-19.90511550,-43.92769383,863.51,0.00,0,1768577171456
262,-19.90511550,-43.92769383,863.51,0.00,0,1768577171456
262,-19.90511550,-43.92769350,863.50,151.49,0,1768577171456
262,-19.90511550,-43.92769350,863.50,151.49,0,1768577171456
262,-19.90511583,-43.92768717,865.32,151.49,0,1768577171456
262,-19.90511583,-43.92768717,865.32,151.49,0,1768577171456
262,-19.90511583,-43.92768683,865.32,0.00,0,1768577171456
262,-19.90511583,-43.92768683,865.32,0.00,0,1768577171456
262,-19.90511583,-43.92768683,865.32,0.00,0,1768577171456
262,-19.90511583,-43.92768683,865.32,0.00,0,1768577171456
262,-19.90511567,-43.92768767,865.32,514.12,0,1768577171456
262,-19.90511567,-43.92768767,865.32,514.12,0,1768577171456
262,-19.90511567,-43.92768767,865.32,514.12,0,1768577171456
262,-19.90511850,-43.92768433,866.61,0.00,0,1768577171456
262,-19.90511850,-43.92768433,866.61,0.00,0,1768577171456
262,-19.90511850,-43.92768450,866.61,0.00,0,1768577171456
262,-19.90511850,-43.92768450,866.61,0.00,0,1768577171456
262,-19.90511850,-43.92768450,866.61,0.00,0,1768577171456
262,-19.90511850,-43.92768450,866.61,0.00,0,1768577171456
262,-19.90511833,-43.92768450,866.60,0.00,0,1768577171456
262,-19.90511833,-43.92768450,866.60,0.00,0,1768577171456
262,-19.90511833,-43.92768450,866.60,0.00,0,1768577171456
262,-19.90511833,-43.92768450,866.60,0.00,0,1768577171456
262,-19.90511967,-43.92768250,867.62,152.42,0,1768577171456
262,-19.90511967,-43.92768250,867.62,152.42,0,1768577171456
262,-19.90511950,-43.92768167,867.62,163.35,0,1768577171456
262,-19.90511950,-43.92768167,867.62,163.35,0,1768577171456
262,-19.90511950,-43.92768083,867.61,172.05,0,1768577171456
262,-19.90511950,-43.92768083,867.61,172.05,0,1768577171456
262,-19.90511967,-43.92768083,867.60,0.00,0,1768577171456
262,-19.90511967,-43.92768083,867.60,0.00,0,1768577171456
262,-19.90511967,-43.92768117,867.59,504.67,0,1768577171456
262,-19.90511967,-43.92768117,867.59,504.67,0,1768577171456
262,-19.90511733,-43.92768200,868.20,503.37,0,1768577171456
262,-19.90511733,-43.92768200,868.20,503.37,0,1768577171456
262,-19.90511733,-43.92768267,868.19,500.97,0,1768577171456
262,-19.90511733,-43.92768267,868.19,500.97,0,1768577171456
262,-19.90511733,-43.92768267,868.19,500.97,0,1768577171456
262,-19.90511733,-43.92768267,868.19,500.97,0,1768577171456
262,-19.90511733,-43.92768383,868.17,511.15,0,1768577171456
262,-19.90511733,-43.92768383,868.17,511.15,0,1768577171456
262,-19.90511717,-43.92768433,868.16,513.37,0,1768577171456
262,-19.90511717,-43.92768433,868.16,513.37,0,1768577171456
262,-19.90511450,-43.92768067,868.16,0.00,0,1768577171456
262,-19.90511450,-43.92768067,868.16,0.00,0,1768577171456
262,-19.90511450,-43.92768083,868.92,0.00,0,1768577171456
262,-19.90511450,-43.92768083,868.92,0.00,0,1768577171456
262,-19.90511433,-43.92768117,868.91,506.15,0,1768577171456
262,-19.90511433,-43.92768117,868.91,506.15,0,1768577171456
262,-19.90511433,-43.92768200,868.91,505.41,0,1768577171456
262,-19.90511433,-43.92768200,868.91,505.41,0,1768577171456
262,-19.90511433,-43.92768200,868.91,505.41,0,1768577171456
262,-19.90511200,-43.92768267,868.65,0.00,0,1768577171456
262,-19.90511200,-43.92768267,868.65,0.00,0,1768577171456
262,-19.90511183,-43.92768267,868.65,0.00,0,1768577171456
262,-19.90511183,-43.92768267,868.65,0.00,0,1768577171456
262,-19.90511183,-43.92768250,868.63,0.00,0,1768577171456
262,-19.90511183,-43.92768250,868.63,0.00,0,1768577171456
262,-19.90511183,-43.92768250,868.63,0.00,0,1768577171456
262,-19.90511183,-43.92768250,868.63,0.00,0,1768577171456
262,-19.90511167,-43.92768150,868.63,170.38,0,1768577171456
262,-19.90511167,-43.92768150,868.63,170.38,0,1768577171456
262,-19.90510967,-43.92768017,868.62,170.57,0,1768577171456
262,-19.90510967,-43.92768017,868.62,170.57,0,1768577171456
262,-19.90510967,-43.92768017,868.62,170.57,0,1768577171456
262,-19.90510983,-43.92767983,868.61,0.00,0,1768577171456
262,-19.90510983,-43.92768000,868.61,0.00,0,1768577171456
262,-19.90510983,-43.92768000,868.61,0.00,0,1768577171456
262,-19.90510983,-43.92768017,868.60,0.00,0,1768577171456
262,-19.90510983,-43.92768017,868.60,0.00,0,1768577171456
262,-19.90510983,-43.92768000,868.60,0.00,0,1768577171456
262,-19.90510983,-43.92768000,868.60,0.00,0,1768577171456
262,-19.90510850,-43.92768233,868.11,0.00,0,1768577171456
262,-19.90510850,-43.92768233,868.11,0.00,0,1768577171456
262,-19.90510850,-43.92768233,868.11,0.00,0,1768577171456
262,-19.90510850,-43.92768233,868.11,0.00,0,1768577171456
262,-19.90510850,-43.92768233,868.11,0.00,0,1768577171456
262,-19.90510850,-43.92768233,868.11,0.00,0,1768577171456
262,-19.90510850,-43.92768233,868.11,0.00,0,1768577171456
262,-19.90510850,-43.92768233,868.11,0.00,0,1768577171456
262,-19.90510850,-43.92768233,868.11,0.00,0,1768577171456
262,-19.90510750,-43.92767683,868.85,133.53,0,1768577171456
262,-19.90510750,-43.92767683,868.85,133.53,0,1768577171456
262,-19.90510733,-43.92767650,868.84,133.53,0,1768577171456
262,-19.90510733,-43.92767650,868.84,133.53,0,1768577171456
262,-19.90510733,-43.92767650,868.83,0.00,0,1768577171456
262,-19.90510733,-43.92767650,868.83,0.00,0,1768577171456
262,-19.90510717,-43.92767667,868.82,0.00,0,1768577171456
262,-19.90510717,-43.92767667,868.82,0.00,0,1768577171456
262,-19.90510717,-43.92767667,868.82,0.00,0,1768577171456
262,-19.90510733,-43.92767700,869.22,450.96,0,1768577171456
262,-19.90510733,-43.92767700,869.22,450.96,0,1768577171456
262,-19.90510733,-43.92767700,869.22,450.96,0,1768577171456
262,-19.90510733,-43.92767700,869.22,450.96,0,1768577171456
262,-19.90510733,-43.92767700,869.22,450.96,0,1768577171456
262,-19.90510750,-43.92767800,869.19,450.96,0,1768577171456
262,-19.90510750,-43.92767800,869.19,450.96,0,1768577171456
262,-19.90510733,-43.92767800,869.16,0.00,0,1768577171456
262,-19.90510733,-43.92767800,869.16,0.00,0,1768577171456
262,-19.90510733,-43.92767800,869.16,0.00,0,1768577171456
262,-19.90510733,-43.92767800,869.16,0.00,0,1768577171456
262,-19.90511800,-43.92767100,872.28,155.57,0,1768577171456
262,-19.90511800,-43.92767083,872.27,0.00,0,1768577171456
262,-19.90511800,-43.92767083,872.27,0.00,0,1768577171456
262,-19.90511783,-43.92767083,872.27,0.00,0,1768577171456
262,-19.90511783,-43.92767083,872.27,0.00,0,1768577171456
262,-19.90511767,-43.92767133,872.24,542.82,0,1768577171456
262,-19.90511767,-43.92767133,872.24,542.82,0,1768577171456
262,-19.90511750,-43.92767167,872.22,497.63,0,1768577171456
262,-19.90511750,-43.92767167,872.22,497.63,0,1768577171456
262,-19.90513883,-43.92765333,872.22,0.00,0,1768577171456
262,-19.90513883,-43.92765333,876.07,0.00,0,1768577171456
262,-19.90513883,-43.92765333,876.07,0.00,0,1768577171456
262,-19.90513883,-43.92765350,876.06,0.00,0,1768577171456
262,-19.90513883,-43.92765350,876.06,0.00,0,1768577171456
262,-19.90513883,-43.92765317,876.06,157.05,0,1768577171456
262,-19.90513883,-43.92765317,876.06,157.05,0,1768577171456
262,-19.90513900,-43.92765317,876.04,430.22,0,1768577171456
262,-19.90513900,-43.92765317,876.04,430.22,0,1768577171456
262,-19.90514050,-43.92765350,876.32,335.03,0,1768577171456
262,-19.90514050,-43.92765350,876.32,335.03,0,1768577171456
262,-19.90514083,-43.92765317,876.32,188.72,0,1768577171456
262,-19.90514083,-43.92765317,876.32,188.72,0,1768577171456
262,-19.90514100,-43.92765300,876.28,0.00,0,1768577171456
262,-19.90514100,-43.92765300,876.28,0.00,0,1768577171456
262,-19.90514133,-43.92765283,876.26,0.00,0,1768577171456
262,-19.90514133,-43.92765283,876.26,0.00,0,1768577171456
262,-19.90514133,-43.92765283,876.26,0.00,0,1768577171456
262,-19.90513967,-43.92765300,877.54,0.00,0,1768577171456
262,-19.90513967,-43.92765300,877.54,0.00,0,1768577171456
262,-19.90513983,-43.92765300,877.51,0.00,0,1768577171456
262,-19.90513983,-43.92765300,877.51,0.00,0,1768577171456
262,-19.90513983,-43.92765300,877.51,0.00,0,1768577171456
262,-19.90513983,-43.92765300,877.51,0.00,0,1768577171456
262,-19.90513967,-43.92765300,877.47,0.00,0,1768577171456
262,-19.90513967,-43.92765300,877.47,0.00,0,1768577171456
262,-19.90513967,-43.92765283,877.45,0.00,0,1768577171456
262,-19.90513967,-43.92765283,877.45,0.00,0,1768577171456
262,-19.90512817,-43.92765700,877.83,0.00,0,1768577171456
262,-19.90512817,-43.92765700,877.83,0.00,0,1768577171456
262,-19.90512817,-43.92765667,877.81,138.53,0,1768577171456
262,-19.90512817,-43.92765667,877.81,138.53,0,1768577171456
262,-19.90512800,-43.92765633,877.80,0.00,0,1768577171456
262,-19.90512800,-43.92765617,877.78,0.00,0,1768577171456
262,-19.90512800,-43.92765617,877.78,0.00,0,1768577171456
262,-19.90512800,-43.92765617,877.78,0.00,0,1768577171456
262,-19.90512800,-43.92765617,877.78,0.00,0,1768577171456
262,-19.90512800,-43.92765617,877.78,0.00,0,1768577171456
262,-19.90512800,-43.92765617,877.78,0.00,0,1768577171456
262,-19.90512800,-43.92765617,877.78,0.00,0,1768577171456
262,-19.90512883,-43.92765367,877.95,0.00,0,1768577171456
262,-19.90512883,-43.92765367,877.95,0.00,0,1768577171456
262,-19.90512900,-43.92765383,877.93,0.00,0,1768577171456
262,-19.90512900,-43.92765383,877.93,0.00,0,1768577171456
262,-19.90512900,-43.92765400,877.91,0.00,0,1768577171456
262,-19.90512900,-43.92765400,877.91,0.00,0,1768577171456
262,-19.90512900,-43.92765417,877.89,0.00,0,1768577171456
262,-19.90512900,-43.92765417,877.89,0.00,0,1768577171456
262,-19.90512933,-43.92765150,877.76,0.00,0,1768577171456
262,-19.90512933,-43.92765150,877.76,0.00,0,1768577171456
262,-19.90512933,-43.92765167,877.73,0.00,0,1768577171456
262,-19.90512933,-43.92765167,877.73,0.00,0,1768577171456
262,-19.90512933,-43.92765183,877.71,0.00,0,1768577171456
262,-19.90512933,-43.92765183,877.71,0.00,0,1768577171456
262,-19.90512933,-43.92765200,877.69,0.00,0,1768577171456
262,-19.90512933,-43.92765200,877.69,0.00,0,1768577171456
262,-19.90512950,-43.92765217,877.66,0.00,0,1768577171456
262,-19.90512950,-43.92765217,877.66,0.00,0,1768577171456
262,-19.90512800,-43.92765233,877.44,0.00,0,1768577171456
262,-19.90512800,-43.92765233,877.44,0.00,0,1768577171456
262,-19.90512783,-43.92765233,877.42,0.00,0,1768577171456
262,-19.90512783,-43.92765233,877.42,0.00,0,1768577171456
262,-19.90512783,-43.92765233,877.42,0.00,0,1768577171456
262,-19.90512783,-43.92765233,877.42,0.00,0,1768577171456
262,-19.90512783,-43.92765233,877.42,0.00,0,1768577171456
262,-19.90512783,-43.92765233,877.42,0.00,0,1768577171456
262,-19.90512750,-43.92765233,877.37,0.00,0,1768577171456
262,-19.90512750,-43.92765233,877.37,0.00,0,1768577171456
262,-19.90512750,-43.92765233,877.37,0.00,0,1768577171456
262,-19.90512650,-43.92765200,877.27,0.00,0,1768577171456
262,-19.90512650,-43.92765200,877.27,0.00,0,1768577171456
262,-19.90512650,-43.92765217,877.26,0.00,0,1768577171456
262,-19.90512650,-43.92765217,877.26,0.00,0,1768577171456
262,-19.90512650,-43.92765217,877.25,0.00,0,1768577171456
262,-19.90512650,-43.92765217,877.25,0.00,0,1768577171456
262,-19.90512650,-43.92765217,877.25,0.00,0,1768577171456
262,-19.90512650,-43.92765217,877.25,0.00,0,1768577171456
262,-19.90512650,-43.92765217,877.25,0.00,0,1768577171456
262,-19.90512650,-43.92765217,877.25,0.00,0,1768577171456
262,-19.90513183,-43.92765517,877.17,0.00,0,1768577171456
262,-19.90513183,-43.92765517,877.17,0.00,0,1768577171456
262,-19.90513183,-43.92765517,877.16,0.00,0,1768577171456
262,-19.90513183,-43.92765517,877.16,0.00,0,1768577171456
262,-19.90513183,-43.92765517,877.16,0.00,0,1768577171456
262,-19.90513183,-43.92765517,877.16,0.00,0,1768577171456
262,-19.90513183,-43.92765517,877.16,0.00,0,1768577171456
262,-19.90513183,-43.92765517,877.16,0.00,0,1768577171456
262,-19.90513167,-43.92765533,877.16,0.00,0,1768577171456
262,-19.90513167,-43.92765533,877.16,0.00,0,1768577171456
262,-19.90513583,-43.92765817,877.24,0.00,0,1768577171456
262,-19.90513583,-43.92765817,877.24,0.00,0,1768577171456
262,-19.90513583,-43.92765833,877.24,0.00,0,1768577171456
262,-19.90513583,-43.92765833,877.24,0.00,0,1768577171456
262,-19.90513600,-43.92765850,877.23,0.00,0,1768577171456
262,-19.90513600,-43.92765850,877.23,0.00,0,1768577171456
262,-19.90513600,-43.92765850,877.23,0.00,0,1768577171456
262,-19.90513600,-43.92765850,877.23,0.00,0,1768577171456
262,-19.90513583,-43.92765867,877.23,0.00,0,1768577171456
262,-19.90513583,-43.92765867,877.23,0.00,0,1768577171456
262,-19.90513933,-43.92766133,877.13,0.00,0,1768577171456
262,-19.90513933,-43.92766133,877.13,0.00,0,1768577171456
262,-19.90513933,-43.92766133,877.12,0.00,0,1768577171456
262,-19.90513933,-43.92766133,877.12,0.00,0,1768577171456
262,-19.90513933,-43.92766133,877.11,0.00,0,1768577171456
262,-19.90513933,-43.92766133,877.11,0.00,0,1768577171456
262,-19.90513933,-43.92766133,877.11,0.00,0,1768577171456
262,-19.90513933,-43.92766133,877.11,0.00,0,1768577171456
262,-19.90513900,-43.92766117,877.10,0.00,0,1768577171456
262,-19.90513900,-43.92766117,877.10,0.00,0,1768577171456
262,-19.90513900,-43.92766117,877.10,0.00,0,1768577171456
262,-19.90513900,-43.92766117,877.10,0.00,0,1768577171456
262,-19.90513900,-43.92766117,877.10,0.00,0,1768577171456
262,-19.90513900,-43.92766117,877.10,0.00,0,1768577171456
262,-19.90513900,-43.92766117,877.10,0.00,0,1768577171456
262,-19.90513900,-43.92766117,877.10,0.00,0,1768577171456
262,-19.90513900,-43.92766117,877.10,0.00,0,1768577171456
262,-19.90513950,-43.92766533,876.96,0.00,0,1768577171456
262,-19.90513950,-43.92766533,876.96,0.00,0,1768577171456
262,-19.90513950,-43.92766533,876.96,0.00,0,1768577171456
262,-19.90513950,-43.92766533,876.96,0.00,0,1768577171456
262,-19.90513900,-43.92766883,876.74,0.00,0,1768577171456
262,-19.90513900,-43.92766883,876.74,0.00,0,1768577171456
262,-19.90513900,-43.92766900,876.73,0.00,0,1768577171456
262,-19.90513900,-43.92766900,876.73,0.00,0,1768577171456
262,-19.90513900,-43.92766917,876.72,0.00,0,1768577171456
262,-19.90513900,-43.92766917,876.72,0.00,0,1768577171456
262,-19.90513900,-43.92766917,876.72,0.00,0,1768577171456
262,-19.90513917,-43.92766933,876.71,0.00,0,1768577171456
262,-19.90513917,-43.92766933,876.71,0.00,0,1768577171456
262,-19.90513900,-43.92766967,876.67,0.00,0,1768577171456
262,-19.90513900,-43.92766967,876.67,0.00,0,1768577171456
262,-19.90513917,-43.92767483,877.21,0.00,0,1768577171456
262,-19.90513917,-43.92767483,877.21,0.00,0,1768577171456
262,-19.90513917,-43.92767500,877.19,0.00,0,1768577171456
262,-19.90513917,-43.92767500,877.19,0.00,0,1768577171456
262,-19.90513917,-43.92767517,877.17,0.00,0,1768577171456
262,-19.90513917,-43.92767517,877.17,0.00,0,1768577171456
262,-19.90513900,-43.92767533,877.15,0.00,0,1768577171456
262,-19.90513900,-43.92767533,877.15,0.00,0,1768577171456
262,-19.90513883,-43.92767550,877.12,0.00,0,1768577171456
262,-19.90513883,-43.92767550,877.12,0.00,0,1768577171456
262,-19.90513933,-43.92767317,878.38,0.00,0,1768577171456
262,-19.90513933,-43.92767317,878.38,0.00,0,1768577171456
262,-19.90513917,-43.92767300,878.37,0.00,0,1768577171456
262,-19.90513917,-43.92767300,878.37,0.00,0,1768577171456
262,-19.90513917,-43.92767300,878.36,0.00,0,1768577171456
262,-19.90513917,-43.92767300,878.36,0.00,0,1768577171456
262,-19.90513917,-43.92767317,878.35,0.00,0,1768577171456
262,-19.90513917,-43.92767317,878.35,0.00,0,1768577171456
262,-19.90513917,-43.92767317,878.35,0.00,0,1768577171456
262,-19.90513917,-43.92767317,878.35,0.00,0,1768577171456
262,-19.90514100,-43.92766967,879.68,0.00,0,1768577171456
262,-19.90514100,-43.92766967,879.68,0.00,0,1768577171456
262,-19.90514100,-43.92766950,879.67,0.00,0,1768577171456
262,-19.90514100,-43.92766950,879.67,0.00,0,1768577171456
262,-19.90514100,-43.92766950,879.67,0.00,0,1768577171456
262,-19.90514100,-43.92766950,879.67,0.00,0,1768577171456
262,-19.90514083,-43.92766950,879.65,0.00,0,1768577171456
262,-19.90514083,-43.92766950,879.65,0.00,0,1768577171456
262,-19.90514067,-43.92766967,879.65,0.00,0,1768577171456
262,-19.90514067,-43.92766967,879.65,0.00,0,1768577171456
262,-19.90514367,-43.92766717,880.60,0.00,0,1768577171456
262,-19.90514367,-43.92766717,880.60,0.00,0,1768577171456
262,-19.90514367,-43.92766700,880.60,0.00,0,1768577171456
262,-19.90514367,-43.92766700,880.60,0.00,0,1768577171456
262,-19.90514367,-43.92766700,880.60,0.00,0,1768577171456
262,-19.90514350,-43.92766717,880.59,0.00,0,1768577171456
262,-19.90514350,-43.92766717,880.59,0.00,0,1768577171456
262,-19.90514367,-43.92766717,880.59,0.00,0,1768577171456
262,-19.90514367,-43.92766717,880.59,0.00,0,1768577171456
262,-19.90514633,-43.92766683,880.94,0.00,0,1768577171456
262,-19.90514633,-43.92766683,880.94,0.00,0,1768577171456
262,-19.90514617,-43.92766683,880.94,0.00,0,1768577171456
262,-19.90514617,-43.92766683,880.94,0.00,0,1768577171456
262,-19.90514617,-43.92766683,880.94,0.00,0,1768577171456
262,-19.90514617,-43.92766683,880.94,0.00,0,1768577171456
262,-19.90514617,-43.92766683,880.94,0.00,0,1768577171456
262,-19.90514617,-43.92766683,880.94,0.00,0,1768577171456
262,-19.90514600,-43.92766700,880.93,0.00,0,1768577171456
262,-19.90514600,-43.92766700,880.93,0.00,0,1768577171456
262,-19.90514600,-43.92766700,880.93,0.00,0,1768577171456
262,-19.90514917,-43.92766533,881.39,0.00,0,1768577171456
262,-19.90514917,-43.92766533,881.39,0.00,0,1768577171456
262,-19.90514917,-43.92766533,881.39,0.00,0,1768577171456
262,-19.90514917,-43.92766533,881.38,0.00,0,1768577171456
262,-19.90514900,-43.92766533,881.37,0.00,0,1768577171456
262,-19.90514900,-43.92766533,881.37,0.00,0,1768577171456
262,-19.90514900,-43.92766550,881.37,0.00,0,1768577171456
262,-19.90514900,-43.92766550,881.37,0.00,0,1768577171456
262,-19.90514900,-43.92766550,881.37,0.00,0,1768577171456
262,-19.90514900,-43.92766550,881.37,0.00,0,1768577171456
262,-19.90514900,-43.92766550,881.37,0.00,0,1768577171456
262,-19.90514900,-43.92766550,881.37,0.00,0,1768577171456
262,-19.90515150,-43.92766100,881.62,0.00,0,1768577171456
262,-19.90515150,-43.92766100,881.62,0.00,0,1768577171456
262,-19.90515133,-43.92766117,881.61,0.00,0,1768577171456
262,-19.90515133,-43.92766117,881.61,0.00,0,1768577171456
262,-19.90515133,-43.92766117,881.61,0.00,0,1768577171456
262,-19.90515133,-43.92766117,881.61,0.00,0,1768577171456
262,-19.90515133,-43.92766117,881.61,0.00,0,1768577171456
262,-19.90515133,-43.92766117,881.61,0.00,0,1768577171456
262,-19.90515133,-43.92766117,881.61,0.00,0,1768577171456
262,-19.90515133,-43.92766117,881.61,0.00,0,1768577171456
262,-19.90515233,-43.92765783,881.82,0.00,0,1768577171456
262,-19.90515233,-43.92765783,881.82,0.00,0,1768577171456
262,-19.90515233,-43.92765800,881.82,0.00,0,1768577171456
262,-19.90515233,-43.92765800,881.82,0.00,0,1768577171456
262,-19.90515233,-43.92765800,881.82,0.00,0,1768577171456
262,-19.90515233,-43.92765800,881.81,0.00,0,1768577171456
262,-19.90515233,-43.92765800,881.81,0.00,0,1768577171456
262,-19.90515217,-43.92765817,881.80,0.00,0,1768577171456
262,-19.90515217,-43.92765817,881.80,0.00,0,1768577171456
262,-19.90515167,-43.92765267,882.08,0.00,0,1768577171456
262,-19.90515167,-43.92765267,882.08,0.00,0,1768577171456
262,-19.90515167,-43.92765267,882.08,0.00,0,1768577171456
262,-19.90515167,-43.92765267,882.08,0.00,0,1768577171456
262,-19.90515167,-43.92765267,882.07,0.00,0,1768577171456
262,-19.90515167,-43.92765267,882.07,0.00,0,1768577171456
262,-19.90515150,-43.92765267,882.07,0.00,0,1768577171456
262,-19.90515150,-43.92765267,882.07,0.00,0,1768577171456
262,-19.90515150,-43.92765267,882.06,0.00,0,1768577171456
262,-19.90515150,-43.92765267,882.06,0.00,0,1768577171456
262,-19.90515150,-43.92765267,882.06,0.00,0,1768577171456
262,-19.90515150,-43.92765267,882.06,0.00,0,1768577171456
262,-19.90514900,-43.92764867,882.48,0.00,0,1768577171456
262,-19.90514900,-43.92764867,882.48,0.00,0,1768577171456
262,-19.90514900,-43.92764883,882.48,0.00,0,1768577171456
262,-19.90514900,-43.92764883,882.48,0.00,0,1768577171456
262,-19.90514900,-43.92764883,882.48,0.00,0,1768577171456
262,-19.90514900,-43.92764883,882.48,0.00,0,1768577171456
262,-19.90514900,-43.92764883,882.48,0.00,0,1768577171456
262,-19.90514900,-43.92764883,882.48,0.00,0,1768577171456
262,-19.90515000,-43.92764867,882.43,0.00,0,1768577171456
262,-19.90515000,-43.92764867,882.43,0.00,0,1768577171456
262,-19.90515000,-43.92764867,882.43,0.00,0,1768577171456
262,-19.90514983,-43.92764867,882.43,0.00,0,1768577171456
262,-19.90514983,-43.92764867,882.43,0.00,0,1768577171456
262,-19.90514983,-43.92764867,882.43,0.00,0,1768577171456
262,-19.90514983,-43.92764867,882.43,0.00,0,1768577171456
262,-19.90514983,-43.92764867,882.43,0.00,0,1768577171456
262,-19.90514967,-43.92764883,882.43,0.00,0,1768577171456
262,-19.90514967,-43.92764883,882.43,0.00,0,1768577171456
262,-19.90514967,-43.92764900,882.43,0.00,0,1768577171456
262,-19.90514967,-43.92764900,882.43,0.00,0,1768577171456
262,-19.90514917,-43.92764500,882.43,0.00,0,1768577171456
262,-19.90514917,-43.92764500,882.43,0.00,0,1768577171456
262,-19.90514917,-43.92764500,882.94,0.00,0,1768577171456
262,-19.90514917,-43.92764500,882.94,0.00,0,1768577171456
262,-19.90514917,-43.92764500,882.94,0.00,0,1768577171456
262,-19.90514917,-43.92764500,882.94,0.00,0,1768577171456
262,-19.90514917,-43.92764517,882.94,0.00,0,1768577171456
262,-19.90514917,-43.92764517,882.94,0.00,0,1768577171456
262,-19.90514917,-43.92764517,882.93,0.00,0,1768577171456
262,-19.90514917,-43.92764517,882.93,0.00,0,1768577171456
262,-19.90514883,-43.92764200,883.64,0.00,0,1768577171456
262,-19.90514883,-43.92764200,883.64,0.00,0,1768577171456
262,-19.90514867,-43.92764217,883.64,0.00,0,1768577171456
262,-19.90514867,-43.92764217,883.64,0.00,0,1768577171456
262,-19.90514867,-43.92764233,883.64,0.00,0,1768577171456
262,-19.90514867,-43.92764233,883.64,0.00,0,1768577171456
262,-19.90514850,-43.92764233,883.63,0.00,0,1768577171456
262,-19.90514850,-43.92764233,883.63,0.00,0,1768577171456
262,-19.90514850,-43.92764233,883.62,0.00,0,1768577171456
262,-19.90514850,-43.92764233,883.62,0.00,0,1768577171456
262,-19.90515067,-43.92764000,884.78,0.00,0,1768577171456
262,-19.90515067,-43.92764000,884.78,0.00,0,1768577171456
262,-19.90515067,-43.92764000,884.78,0.00,0,1768577171456
262,-19.90515067,-43.92764000,884.78,0.00,0,1768577171456
262,-19.90515067,-43.92764000,884.77,0.00,0,1768577171456
262,-19.90515067,-43.92764000,884.77,0.00,0,1768577171456
262,-19.90515067,-43.92764000,884.77,0.00,0,1768577171456
262,-19.90515067,-43.92764000,884.77,0.00,0,1768577171456
262,-19.90515017,-43.92763950,884.77,86.86,0,1768577171456
262,-19.90515017,-43.92763950,884.77,86.86,0,1768577171456
262,-19.90515017,-43.92763950,884.77,86.86,0,1768577171456
262,-19.90515017,-43.92763950,884.77,86.86,0,1768577171456
262,-19.90514433,-43.92763400,885.57,0.00,0,1768577171456
262,-19.90514433,-43.92763400,885.57,0.00,0,1768577171456
262,-19.90514433,-43.92763400,885.57,0.00,0,1768577171456
262,-19.90514433,-43.92763400,885.57,0.00,0,1768577171456
262,0.00000000,0.00000000,885.57,151.86,0,0
262,0.00000000,0.00000000,885.57,151.86,0,0
262,-19.90514417,-43.92763533,885.54,151.86,0,6336890798080
262,-19.90514417,-43.92763533,885.54,151.86,0,6336890798080
262,195.08333333,0.00000000,223.00,0.00,0,1768577171456
262,195.08333333,0.00000000,223.00,0.00,0,1768577171456
262,195.08333333,0.00000000,223.00,0.00,0,1768577171456
262,-19.90514267,-43.92763733,223.00,478.74,0,1768577171456
262,-19.90514267,-43.92763733,223.00,478.74,0,1768577171456
262,-19.90514283,-43.92763800,885.72,477.63,0,1768577171456
262,-19.90514283,-43.92763800,885.72,477.63,0,1768577171456
262,-19.90514283,-43.92763850,885.71,506.15,0,1768577171456
262,-19.90514283,-43.92763850,885.71,506.15,0,1768577171456
262,-19.90514283,-43.92763883,885.70,0.00,0,1768577171456
262,-19.90514283,-43.92763883,885.70,0.00,0,1768577171456
262,-19.90514283,-43.92763883,885.70,0.00,0,1768577171456
262,-19.90513933,-43.92763733,886.10,0.00,0,1768577171456
262,-19.90513933,-43.92763733,886.10,0.00,0,1768577171456
262,-19.90513933,-43.92763733,886.10,0.00,0,1768577171456
262,-19.90513933,-43.92763733,886.08,0.00,0,1768577171456
262,-19.90513933,-43.92763733,886.08,0.00,0,1768577171456
262,-19.90513917,-43.92763750,886.08,530.04,0,1768577171456
262,-19.90513917,-43.92763750,886.08,530.04,0,1768577171456
262,-19.90513917,-43.92763783,886.06,0.00,0,1768577171456
262,-19.90513917,-43.92763783,886.06,0.00,0,1768577171456
262,-19.90513917,-43.92763783,886.06,0.00,0,1768577171456
262,-19.90513917,-43.92763783,886.06,0.00,0,1768577171456
262,-19.90513983,-43.92763533,886.51,0.00,0,1768577171456
262,-19.90513983,-43.92763533,886.51,0.00,0,1768577171456
262,-19.90513967,-43.92763533,886.51,0.00,0,1768577171456
262,-19.90513967,-43.92763533,886.51,0.00,0,1768577171456
262,-19.90513967,-43.92763533,886.51,0.00,0,1768577171456
262,-19.90513967,-43.92763533,886.51,0.00,0,1768577171456
262,-19.90513967,-43.92763533,886.50,0.00,0,1768577171456
262,-19.90513967,-43.92763533,886.50,0.00,0,1768577171456
262,-19.90513767,-43.92763300,886.50,0.00,0,1768577171456
262,-19.90513767,-43.92763300,886.83,0.00,0,1768577171456
262,-19.90513767,-43.92763300,886.83,0.00,0,1768577171456
262,-19.90513767,-43.92763300,886.83,0.00,0,1768577171456
262,-19.90513733,-43.92763300,886.82,0.00,0,1768577171456
262,-19.90513733,-43.92763300,886.82,0.00,0,1768577171456
262,-19.90513700,-43.92763283,886.82,35.19,0,1768577171456
262,-19.90513700,-43.92763283,886.82,35.19,0,1768577171456
262,-19.90513650,-43.92763250,886.81,77.41,0,1768577171456
262,-19.90513650,-43.92763250,886.81,77.41,0,1768577171456
262,-19.90513750,-43.92763317,887.22,77.41,0,1768577171456
262,-19.90513750,-43.92763317,887.22,77.41,0,1768577171456
262,-19.90513733,-43.92763267,887.21,152.60,0,1768577171456
262,-19.90513733,-43.92763267,887.21,152.60,0,1768577171456
262,-19.90513717,-43.92763250,887.21,0.00,0,1768577171456
262,-19.90513717,-43.92763250,887.21,0.00,0,1768577171456
262,-19.90513700,-43.92763250,887.19,0.00,0,1768577171456
262,-19.90513700,-43.92763250,887.19,0.00,0,1768577171456
262,-19.90513683,-43.92763267,887.17,664.50,0,1768577171456
262,-19.90513683,-43.92763267,887.17,664.50,0,1768577171456
262,-19.90514167,-43.92762767,888.13,0.00,0,1768577171456
262,-19.90514167,-43.92762767,888.13,0.00,0,1768577171456
262,-19.90514133,-43.92762783,888.12,0.00,0,1768577171456
262,-19.90514133,-43.92762783,888.12,0.00,0,1768577171456
262,-19.90514117,-43.92762817,888.12,537.82,0,1768577171456
262,-19.90514117,-43.92762817,888.12,537.82,0,1768577171456
262,-19.90514083,-43.92762883,888.08,549.86,0,1768577171456
262,-19.90514083,-43.92762883,888.08,549.86,0,1768577171456
262,-19.90514067,-43.92762917,888.08,0.00,0,1768577171456
262,-19.90514067,-43.92762917,888.08,0.00,0,1768577171456
262,-19.90514117,-43.92762483,890.12,0.00,0,1768577171456
262,-19.90514117,-43.92762483,890.12,0.00,0,1768577171456
262,-19.90514083,-43.92762500,890.10,0.00,0,1768577171456
262,-19.90514083,-43.92762500,890.10,0.00,0,1768577171456
262,-19.90514083,-43.92762500,890.10,0.00,0,1768577171456
262,-19.90514083,-43.92762500,890.08,0.00,0,1768577171456
262,-19.90514083,-43.92762500,890.08,0.00,0,1768577171456
262,-19.90514067,-43.92762517,890.06,544.30,0,1768577171456
262,-19.90514067,-43.92762517,890.06,544.30,0,1768577171456
262,-19.90514050,-43.92762550,890.06,0.00,0,1768577171456
262,-19.90514050,-43.92762550,890.06,0.00,0,1768577171456
262,-19.90514850,-43.92761883,892.38,0.00,0,1768577171456
262,-19.90514850,-43.92761883,892.38,0.00,0,1768577171456
262,-19.90514850,-43.92761883,892.35,0.00,0,1768577171456
262,-19.90514850,-43.92761883,892.35,0.00,0,1768577171456
262,-19.90514867,-43.92761883,892.33,0.00,0,1768577171456
262,-19.90514867,-43.92761883,892.33,0.00,0,1768577171456
262,-19.90514850,-43.92761883,892.31,0.00,0,1768577171456
262,-19.90514850,-43.92761883,892.31,0.00,0,1768577171456
262,-19.90514850,-43.92761900,892.29,0.00,0,1768577171456
262,-19.90514850,-43.92761900,892.29,0.00,0,1768577171456
262,-19.90515533,-43.92762317,894.74,0.00,0,1768577302528
262,-19.90515533,-43.92762317,894.74,0.00,0,1768577302528
262,-19.90515533,-43.92762317,894.74,0.00,0,1768577302528
262,-19.90515533,-43.92762333,894.74,0.00,0,1768577302528
262,-19.90515533,-43.92762333,894.74,0.00,0,1768577302528
262,-19.90515533,-43.92762333,894.70,0.00,0,1768577302528
262,-19.90515533,-43.92762333,894.70,0.00,0,1768577302528
262,-19.90515517,-43.92762350,894.67,0.00,0,1768577302528
262,-19.90515517,-43.92762350,894.67,0.00,0,1768577302528
262,-19.90515517,-43.92762367,894.65,0.00,0,1768577302528
262,-19.90515517,-43.92762367,894.65,0.00,0,1768577302528
262,-19.90515517,-43.92762367,894.65,0.00,0,1768577302528
262,-19.90516300,-43.92762617,895.90,0.00,0,1768577302528
262,-19.90516300,-43.92762617,895.90,0.00,0,1768577302528
262,-19.90516300,-43.92762633,895.87,0.00,0,1768577302528
262,-19.90516300,-43.92762633,895.87,0.00,0,1768577302528
262,-19.90516300,-43.92762633,895.85,0.00,0,1768577302528
262,-19.90516300,-43.92762633,895.85,0.00,0,1768577302528
262,-19.90516283,-43.92762650,895.85,0.00,0,1768577302528
262,-19.90516283,-43.92762650,895.85,0.00,0,1768577302528
262,-19.90516283,-43.92762650,895.80,0.00,0,1768577302528
262,-19.90516283,-43.92762650,895.80,0.00,0,1768577302528
262,-19.90516283,-43.92762650,895.80,0.00,0,1768577302528
262,-19.90516000,-43.92763033,895.84,0.00,0,1768577302528
262,-19.90516000,-43.92763033,895.84,0.00,0,1768577302528
262,-19.90515983,-43.92763033,895.80,0.00,0,1768577302528
262,-19.90515983,-43.92763033,895.80,0.00,0,1768577302528
262,-19.90515983,-43.92763033,895.78,0.00,0,1768577302528
262,-19.90515983,-43.92763033,895.78,0.00,0,1768577302528
262,-19.90515983,-43.92763033,895.78,0.00,0,1768577302528
262,-19.90515983,-43.92763050,895.75,0.00,0,1768577302528
262,-19.90515983,-43.92763050,895.75,0.00,0,1768577302528
262,-19.90515983,-43.92763050,895.73,0.00,0,1768577302528
262,-19.90515983,-43.92763050,895.73,0.00,0,1768577302528
262,-19.90515467,-43.92763417,895.73,0.00,0,1768577302528
262,-19.90515467,-43.92763417,895.73,0.00,0,1768577302528
262,-19.90515467,-43.92763433,896.29,0.00,0,1768577302528
262,-19.90515467,-43.92763433,896.29,0.00,0,1768577302528
262,-19.90515467,-43.92763433,896.29,0.00,0,1768577302528
262,-19.90515467,-43.92763433,896.29,0.00,0,1768577302528
262,-19.90515467,-43.92763433,896.29,0.00,0,1768577302528
262,-19.90515467,-43.92763450,896.25,0.00,0,1768577302528
262,-19.90515467,-43.92763450,896.25,0.00,0,1768577302528
262,-19.90515467,-43.92763467,896.22,0.00,0,1768577302528
262,-19.90515150,-43.92764133,896.03,0.00,0,1768577302528
262,-19.90515150,-43.92764133,896.03,0.00,0,1768577302528
262,-19.90515150,-43.92764133,896.01,0.00,0,1768577302528
262,-19.90515150,-43.92764133,896.01,0.00,0,1768577302528
262,-19.90515150,-43.92764150,896.01,0.00,0,1768577302528
262,-19.90515150,-43.92764150,896.01,0.00,0,1768577302528
262,-19.90515150,-43.92764150,895.96,0.00,0,1768577302528
262,-19.90515150,-43.92764150,895.96,0.00,0,1768577302528
262,-19.90515150,-43.92764150,895.93,0.00,0,1768577302528
262,-19.90515150,-43.92764150,895.93,0.00,0,1768577302528
262,-19.90514867,-43.92765167,895.46,0.00,0,1768577302528
262,-19.90514867,-43.92765167,895.46,0.00,0,1768577302528
262,-19.90514867,-43.92765167,895.44,0.00,0,1768577302528
262,-19.90514867,-43.92765167,895.44,0.00,0,1768577302528
262,-19.90514867,-43.92765167,895.44,0.00,0,1768577302528
262,-19.90514867,-43.92765167,895.44,0.00,0,1768577302528
262,-19.90514867,-43.92765183,895.39,0.00,0,1768577302528
262,-19.90514867,-43.92765183,895.39,0.00,0,1768577302528
262,-19.90514867,-43.92765183,895.37,0.00,0,1768577302528
262,-19.90514867,-43.92765183,895.37,0.00,0,1768577302528
262,-19.90514717,-43.92766017,895.42,0.00,0,1768577302528
262,-19.90514717,-43.92766017,895.42,0.00,0,1768577302528
262,-19.90514717,-43.92766017,895.40,0.00,0,1768577302528
262,-19.90514717,-43.92766017,895.40,0.00,0,1768577302528
262,-19.90514717,-43.92766017,895.40,0.00,0,1768577302528
262,-19.90514717,-43.92766017,895.38,0.00,0,1768577302528
262,-19.90514717,-43.92766017,895.38,0.00,0,1768577302528
262,-19.90514700,-43.92766033,895.36,0.00,0,1768577302528
262,-19.90514700,-43.92766033,895.36,0.00,0,1768577302528
262,-19.90514700,-43.92766033,895.36,0.00,0,1768577302528
262,-19.90514700,-43.92766033,895.36,0.00,0,1768577302528
262,-19.90514767,-43.92766933,895.14,0.00,0,1768577302528
262,-19.90514767,-43.92766933,895.14,0.00,0,1768577302528
262,-19.90514767,-43.92766950,895.12,0.00,0,1768577302528
262,-19.90514767,-43.92766950,895.12,0.00,0,1768577302528
262,-19.90514767,-43.92766967,895.10,0.00,0,1768577302528
262,-19.90514767,-43.92766967,895.10,0.00,0,1768577302528
262,-19.90514767,-43.92766967,895.09,0.00,0,1768577302528
262,-19.90514767,-43.92766967,895.09,0.00,0,1768577302528
262,-19.90514750,-43.92766983,895.09,0.00,0,1768577302528
262,-19.90514750,-43.92766983,895.09,0.00,0,1768577302528
262,-19.90514600,-43.92767050,896.02,0.00,0,1768577302528
262,-19.90514600,-43.92767050,896.02,0.00,0,1768577302528
262,-19.90514583,-43.92767050,896.01,0.00,0,1768577302528
262,-19.90514583,-43.92767050,896.01,0.00,0,1768577302528
262,-19.90514567,-43.92767067,895.99,0.00,0,1768577302528
262,-19.90514567,-43.92767067,895.99,0.00,0,1768577302528
262,-19.90514550,-43.92767067,895.97,0.00,0,1768577302528
262,-19.90514550,-43.92767067,895.97,0.00,0,1768577302528
262,-19.90514550,-43.92767083,895.95,0.00,0,1768577302528
262,-19.90514550,-43.92767083,895.95,0.00,0,1768577302528
262,-19.90514433,-43.92766967,898.48,0.00,0,1768577302528
262,-19.90514433,-43.92766967,898.48,0.00,0,1768577302528
262,-19.90514433,-43.92766967,898.48,0.00,0,1768577302528
262,-19.90514417,-43.92766983,898.48,0.00,0,1768577302528
262,-19.90514417,-43.92766983,898.48,0.00,0,1768577302528
262,-19.90514417,-43.92767017,898.43,0.00,0,1768577302528
262,-19.90514417,-43.92767017,898.43,0.00,0,1768577302528
262,-19.90514417,-43.92767033,898.43,0.00,0,1768577302528
262,-19.90514417,-43.92767033,898.43,0.00,0,1768577302528
262,-19.90514417,-43.92767033,898.39,0.00,0,1768577302528
262,-19.90514417,-43.92767033,898.39,0.00,0,1768577302528
262,-19.90514467,-43.92767000,899.72,0.00,0,1768577302528
262,-19.90514467,-43.92767000,899.72,0.00,0,1768577302528
262,-19.90514467,-43.92767000,899.72,0.00,0,1768577302528
262,-19.90514483,-43.92767033,899.71,412.81,0,1768577302528
262,-19.90514483,-43.92767033,899.71,412.81,0,1768577302528
262,-19.90514500,-43.92767067,899.70,0.00,0,1768577302528
262,-19.90514500,-43.92767067,899.70,0.00,0,1768577302528
262,-19.90514483,-43.92767033,899.69,0.00,0,1768577302528
262,-19.90514483,-43.92767033,899.69,0.00,0,1768577302528
262,-19.90514483,-43.92767017,899.67,0.00,0,1768577302528
262,-19.90514483,-43.92767017,899.67,0.00,0,1768577302528
262,-19.90514883,-43.92766300,899.67,0.00,0,1768577302528
262,-19.90514883,-43.92766300,899.67,0.00,0,1768577302528
262,-19.90514883,-43.92766317,902.29,0.00,0,1768577302528
262,-19.90514883,-43.92766317,902.29,0.00,0,1768577302528
262,-19.90514867,-43.92766333,902.29,0.00,0,1768577302528
262,-19.90514867,-43.92766333,902.29,0.00,0,1768577302528
262,-19.90514867,-43.92766333,902.29,0.00,0,1768577302528
262,-19.90514867,-43.92766333,902.26,0.00,0,1768577302528
262,-19.90514867,-43.92766333,902.26,0.00,0,1768577302528
262,-19.90514867,-43.92766333,902.26,0.00,0,1768577302528
262,-19.90514867,-43.92766333,902.26,0.00,0,1768577302528
262,-19.90514567,-43.92766100,903.84,0.00,0,1768577302528
262,-19.90514567,-43.92766100,903.84,0.00,0,1768577302528
262,-19.90514567,-43.92766100,903.84,0.00,0,1768577302528
262,-19.90514567,-43.92766100,903.84,0.00,0,1768577302528
262,-19.90514567,-43.92766117,903.82,0.00,0,1768577302528
262,-19.90514567,-43.92766117,903.82,0.00,0,1768577302528
262,-19.90514567,-43.92766117,903.82,0.00,0,1768577302528
262,-19.90514583,-43.92766100,903.81,0.00,0,1768577302528
262,-19.90514583,-43.92766100,903.81,0.00,0,1768577302528
262,-19.90514617,-43.92766100,903.81,0.00,0,1768577302528
262,-19.90514617,-43.92766100,903.81,0.00,0,1768577302528
262,-19.90514850,-43.92765883,903.53,0.00,0,1768577302528
262,-19.90514850,-43.92765883,903.53,0.00,0,1768577302528
262,-19.90514817,-43.92765900,903.52,0.00,0,1768577302528
262,-19.90514817,-43.92765900,903.52,0.00,0,1768577302528
262,-19.90514850,-43.92765917,903.49,346.14,0,1768577302528
262,-19.90514850,-43.92765917,903.49,346.14,0,1768577302528
262,-19.90514917,-43.92765950,903.46,400.77,0,1768577302528
262,-19.90514917,-43.92765950,903.46,400.77,0,1768577302528
262,-19.90514933,-43.92765983,903.45,400.77,0,1768577302528
262,-19.90514933,-43.92765983,903.45,400.77,0,1768577302528
262,-19.90514700,-43.92765933,903.76,556.16,0,1768577302528
262,-19.90514700,-43.92765933,903.76,556.16,0,1768577302528
262,-19.90514700,-43.92765967,903.76,490.41,0,1768577302528
262,-19.90514700,-43.92765967,903.76,490.41,0,1768577302528
262,-19.90514717,-43.92766050,903.74,483.19,0,1768577302528
262,-19.90514717,-43.92766050,903.74,483.19,0,1768577302528
262,-19.90514717,-43.92766050,903.74,483.19,0,1768577302528
262,-19.90514717,-43.92766150,903.73,0.00,0,1768577302528
262,-19.90514717,-43.92766150,903.73,0.00,0,1768577302528
262,-19.90514733,-43.92766200,903.73,479.11,0,1768577302528
262,-19.90514733,-43.92766200,903.73,479.11,0,1768577302528
262,-19.90514683,-43.92766033,903.86,0.00,0,1768577302528
262,-19.90514683,-43.92766033,903.86,0.00,0,1768577302528
262,-19.90514683,-43.92766050,903.85,0.00,0,1768577302528
262,-19.90514683,-43.92766050,903.85,0.00,0,1768577302528
262,-19.90514683,-43.92766050,903.84,0.00,0,1768577302528
262,-19.90514683,-43.92766050,903.84,0.00,0,1768577302528
262,-19.90514667,-43.92766050,903.84,0.00,0,1768577302528
262,-19.90514667,-43.92766050,903.84,0.00,0,1768577302528
262,-19.90514667,-43.92766083,903.83,462.63,0,1768577302528
262,-19.90514667,-43.92766083,903.83,462.63,0,1768577302528
262,-19.90514767,-43.92765967,903.77,618.94,0,1768577302528
262,-19.90514767,-43.92765967,903.77,618.94,0,1768577302528
262,-19.90514733,-43.92766017,903.77,509.11,0,1768577302528
262,-19.90514733,-43.92766017,903.77,509.11,0,1768577302528
262,-19.90514717,-43.92766050,903.76,0.00,0,1768577302528
262,-19.90514717,-43.92766050,903.76,0.00,0,1768577302528
262,-19.90514700,-43.92766050,903.76,0.00,0,1768577302528
262,-19.90514700,-43.92766050,903.76,0.00,0,1768577302528
262,-19.90514717,-43.92766067,903.75,0.00,0,1768577302528
262,-19.90514717,-43.92766067,903.75,0.00,0,1768577302528
262,-19.90514833,-43.92765717,903.47,0.00,0,1768577302528
262,-19.90514833,-43.92765717,903.47,0.00,0,1768577302528
262,-19.90514817,-43.92765717,903.47,0.00,0,1768577302528
262,-19.90514817,-43.92765717,903.47,0.00,0,1768577302528
262,-19.90514817,-43.92765717,903.47,0.00,0,1768577302528
262,-19.90514833,-43.92765750,903.47,0.00,0,1768577302528
262,-19.90514833,-43.92765750,903.47,0.00,0,1768577302528
262,-19.90514817,-43.92765733,903.46,0.00,0,1768577302528
262,-19.90514817,-43.92765733,903.46,0.00,0,1768577302528
262,-19.90514800,-43.92765717,903.46,0.00,0,1768577302528
262,-19.90514800,-43.92765717,903.46,0.00,0,1768577302528
262,-19.90514983,-43.92765467,902.82,0.00,0,1768577302528
262,-19.90514983,-43.92765467,902.82,0.00,0,1768577302528
262,-19.90514983,-43.92765483,902.81,0.00,0,1768577302528
262,-19.90514983,-43.92765483,902.81,0.00,0,1768577302528
262,-19.90514983,-43.92765467,902.81,0.00,0,1768577302528
262,-19.90514983,-43.92765467,902.81,0.00,0,1768577302528
262,-19.90514983,-43.92765467,902.81,0.00,0,1768577302528
262,-19.90514983,-43.92765467,902.81,0.00,0,1768577302528
262,-19.90514983,-43.92765467,902.81,0.00,0,1768577302528
262,-19.90514983,-43.92765467,902.81,0.00,0,1768577302528
262,-19.90515733,-43.92764900,901.73,0.00,0,1768577302528
262,-19.90515733,-43.92764900,901.73,0.00,0,1768577302528
262,-19.90515733,-43.92764900,901.73,0.00,0,1768577302528
262,-19.90515733,-43.92764900,901.73,0.00,0,1768577302528
262,-19.90515733,-43.92764917,901.72,0.00,0,1768577302528
262,-19.90515733,-43.92764917,901.72,0.00,0,1768577302528
262,-19.90515750,-43.92764933,901.72,0.00,0,1768577302528
262,-19.90515750,-43.92764933,901.72,0.00,0,1768577302528
262,-19.90515750,-43.92764933,901.72,0.00,0,1768577302528
262,-19.90515750,-43.92764933,901.72,0.00,0,1768577302528
262,-19.90515750,-43.92764933,901.72,0.00,0,1768577302528
262,-19.90515967,-43.92765183,900.60,0.00,0,1768577302528
262,-19.90515967,-43.92765183,900.60,0.00,0,1768577302528
262,-19.90515967,-43.92765183,900.60,0.00,0,1768577302528
262,-19.90515967,-43.92765183,900.60,0.00,0,1768577302528
262,-19.90515983,-43.92765217,900.60,0.00,0,1768577302528
262,-19.90515983,-43.92765217,900.60,0.00,0,1768577302528
262,-19.90515983,-43.92765233,900.59,451.33,0,1768577302528
262,-19.90515983,-43.92765233,900.59,451.33,0,1768577302528
262,-19.90516000,-43.92765267,900.60,0.00,0,1768577302528
262,-19.90516000,-43.92765267,900.60,0.00,0,1768577302528
262,-19.90515833,-43.92765400,900.36,0.00,0,1768577302528
262,-19.90515833,-43.92765400,900.36,0.00,0,1768577302528
262,-19.90515833,-43.92765400,900.36,0.00,0,1768577302528
262,-19.90515833,-43.92765400,900.36,0.00,0,1768577302528
262,-19.90515767,-43.92765333,900.36,0.00,0,1768577302528
262,-19.90515767,-43.92765333,900.36,0.00,0,1768577302528
262,-19.90515767,-43.92765333,900.36,0.00,0,1768577302528
262,-19.90515767,-43.92765333,900.36,0.00,0,1768577302528
262,-19.90515750,-43.92765317,359.00,0.00,0,1768577302528
262,-19.90515750,-43.92765317,359.00,0.00,0,1768577302528
262,-19.90515750,-43.92765317,359.00,0.00,0,1768577302528
262,-19.90515367,-43.92765400,900.27,447.63,0,1768577302528
262,-19.90515367,-43.92765400,900.27,447.63,0,1768577302528
262,-19.90515367,-43.92765400,900.27,447.63,0,1768577302528
262,-19.90515383,-43.92765433,900.28,0.00,0,1768577302528
262,-19.90515383,-43.92765433,900.28,0.00,0,1768577302528
262,-19.90515383,-43.92765450,900.28,459.30,0,1768577302528
262,-19.90515383,-43.92765450,900.28,459.30,0,1768577302528
262,-19.90515383,-43.92765450,900.28,0.00,0,1768577302528
262,-19.90515383,-43.92765450,900.28,0.00,0,1768577302528
262,-19.90515100,-43.92765567,899.92,0.00,0,1768577302528
262,-19.90515100,-43.92765567,899.92,0.00,0,1768577302528
262,-19.90515100,-43.92765583,899.93,0.00,0,1768577302528
262,-19.90515100,-43.92765583,899.93,0.00,0,1768577302528
262,-19.90515100,-43.92765583,899.93,0.00,0,1768577302528
262,-19.90515083,-43.92765583,899.93,0.00,0,1768577302528
262,-19.90515083,-43.92765583,899.93,0.00,0,1768577302528
262,-19.90515083,-43.92765583,899.93,0.00,0,1768577302528
262,-19.90515083,-43.92765583,899.93,0.00,0,1768577302528
262,-19.90515083,-43.92765583,899.93,0.00,0,1768577302528
262,-19.90515083,-43.92765583,899.93,0.00,0,1768577302528
262,-19.90515083,-43.92765583,899.93,0.00,0,1768577302528
262,-19.90515083,-43.92765583,899.93,0.00,0,1768577302528
262,-19.90514433,-43.92765633,899.80,0.00,0,1768577302528
262,-19.90514433,-43.92765633,899.80,0.00,0,1768577302528
262,-19.90514433,-43.92765650,899.81,0.00,0,1768577302528
262,-19.90514433,-43.92765650,899.81,0.00,0,1768577302528
262,-19.90514433,-43.92765683,899.81,0.00,0,1768577302528
262,-19.90514433,-43.92765683,899.81,0.00,0,1768577302528
262,-19.90514433,-43.92765683,899.81,0.00,0,1768577302528
262,-19.90514433,-43.92765683,899.81,0.00,0,1768577302528
262,-19.90513667,-43.92765583,899.81,0.00,0,1768577302528
262,-19.90513667,-43.92765583,899.81,0.00,0,1768577302528
262,-19.90513667,-43.92765600,899.81,0.00,0,1768577302528
262,-19.90513667,-43.92765600,899.81,0.00,0,1768577302528
262,-19.90513667,-43.92765600,899.81,0.00,0,1768577302528
262,-19.90513667,-43.92765600,899.82,0.00,0,1768577302528
262,-19.90513667,-43.92765600,899.82,0.00,0,1768577302528
262,-19.90513667,-43.92765617,899.82,0.00,0,1768577302528
262,-19.90513667,-43.92765617,899.82,0.00,0,1768577302528
262,-19.90513667,-43.92765633,899.83,0.00,0,1768577302528
262,-19.90513667,-43.92765633,899.83,0.00,0,1768577302528
262,-19.90513050,-43.92765683,899.62,0.00,0,1768577302528
262,-19.90513050,-43.92765683,899.62,0.00,0,1768577302528
262,-19.90513050,-43.92765683,899.62,0.00,0,1768577302528
262,-19.90513050,-43.92765683,899.62,0.00,0,1768577302528
262,-19.90513050,-43.92765667,899.63,0.00,0,1768577302528
262,-19.90513050,-43.92765667,899.63,0.00,0,1768577302528
262,-19.90513050,-43.92765650,899.64,0.00,0,1768577302528
262,-19.90513050,-43.92765650,899.64,0.00,0,1768577302528
262,-19.90513050,-43.92765650,899.65,0.00,0,1768577302528
262,-19.90513050,-43.92765650,899.65,0.00,0,1768577302528
262,-19.90512500,-43.92765833,899.37,0.00,0,1768577302528

