id,latitude,longitude,altitude,ground_speed,fix_quality,timestamp
262,-19.90500500,-43.92782033,867.50,0.00,0,1768577695744
262,-19.90500550,-43.92782017,867.50,304.47,0,1768577695744
262,-19.90500550,-43.92782017,867.50,304.47,0,1768577695744
262,-19.90500600,-43.92782000,867.49,304.47,0,1768577695744
262,-19.90500600,-43.92782000,867.49,304.47,0,1768577695744
262,-19.90500617,-43.92782000,867.48,0.00,0,1768577695744
262,-19.90500617,-43.92782000,867.48,0.00,0,1768577695744
262,-19.90500617,-43.92781983,867.48,0.00,0,1768577695744
262,-19.90500617,-43.92781983,867.48,0.00,0,1768577695744
262,-19.90499117,-43.92782333,867.36,0.00,0,1768577695744
262,-19.90499117,-43.92782333,867.36,0.00,0,1768577695744
262,-19.90499133,-43.92782333,867.35,0.00,0,1768577695744
262,-19.90499133,-43.92782333,867.35,0.00,0,1768577695744
262,-19.90499117,-43.92782333,867.34,0.00,0,1768577695744
262,-19.90499117,-43.92782333,867.34,0.00,0,1768577695744
262,-19.90499083,-43.92782350,867.34,0.00,0,1768577695744
262,-19.90499083,-43.92782350,867.34,0.00,0,1768577695744
262,-19.90499083,-43.92782350,867.34,0.00,0,1768577695744
262,-19.90499083,-43.92782350,867.34,0.00,0,1768577695744
262,-19.90499083,-43.92782350,867.34,0.00,0,1768577695744
262,-19.90500983,-43.92782500,865.20,640.42,0,1768577695744
262,-19.90500983,-43.92782500,865.20,640.42,0,1768577695744
262,-19.90500933,-43.92782517,865.20,640.24,0,1768577695744
262,-19.90500933,-43.92782517,865.20,640.24,0,1768577695744
262,-19.90500900,-43.92782517,865.19,640.24,0,1768577695744
262,-19.90500900,-43.92782517,865.19,640.24,0,1768577695744
262,-19.90500883,-43.92782517,865.19,0.00,0,1768577695744
262,-19.90500883,-43.92782517,865.19,0.00,0,1768577695744
262,-19.90500850,-43.92782533,865.19,0.00,0,1768577695744
262,-19.90500850,-43.92782533,865.19,0.00,0,1768577695744
262,-19.90501450,-43.92782700,864.57,0.00,0,1768577695744
262,-19.90501450,-43.92782700,864.57,0.00,0,1768577695744
262,-19.90501483,-43.92782700,864.57,0.00,0,1768577695744
262,-19.90501483,-43.92782700,864.57,0.00,0,1768577695744
262,-19.90501483,-43.92782700,864.56,0.00,0,1768577695744
262,-19.90501483,-43.92782700,864.56,0.00,0,1768577695744
262,-19.90501483,-43.92782700,864.56,0.00,0,1768577695744
262,-19.90501483,-43.92782700,864.56,0.00,0,1768577695744
262,-19.90501483,-43.92782700,864.56,0.00,0,1768577695744
262,-19.90501483,-43.92782700,864.56,0.00,0,1768577695744
262,-19.90502850,-43.92782800,862.99,0.00,0,1768577695744
262,-19.90502850,-43.92782800,862.99,0.00,0,1768577695744
262,-19.90502850,-43.92782800,862.99,0.00,0,1768577695744
262,-19.90502850,-43.92782800,862.99,0.00,0,1768577695744
262,-19.90502850,-43.92782800,862.99,0.00,0,1768577695744
262,-19.90502850,-43.92782800,862.99,0.00,0,1768577695744
262,-19.90502850,-43.92782800,862.99,0.00,0,1768577695744
262,-19.90502883,-43.92782800,862.98,0.00,0,1768577695744
262,-19.90502883,-43.92782800,862.98,0.00,0,1768577695744
262,-19.90502900,-43.92782783,862.98,0.00,0,1768577695744
262,-19.90503817,-43.92782217,862.83,0.00,0,1768577695744
262,-19.90503817,-43.92782217,862.83,0.00,0,1768577695744
262,-19.90503817,-43.92782217,862.82,0.00,0,1768577695744
262,-19.90503817,-43.92782217,862.82,0.00,0,1768577695744
262,-19.90503817,-43.92782217,862.82,0.00,0,1768577695744
262,-19.90503817,-43.92782217,862.82,0.00,0,1768577695744
262,-19.90503800,-43.92782233,862.82,0.00,0,1768577695744
262,-19.90503800,-43.92782233,862.82,0.00,0,1768577695744
262,-19.90503783,-43.92782250,862.81,0.00,0,1768577695744
262,-19.90503783,-43.92782250,862.81,0.00,0,1768577695744
262,-19.90504667,-43.92781950,863.15,0.00,0,1768577695744
262,-19.90504667,-43.92781950,863.15,0.00,0,1768577695744
262,-19.90504667,-43.92781950,863.15,0.00,0,1768577695744
262,-19.90504717,-43.92781933,863.15,0.00,0,1768577695744
262,-19.90504717,-43.92781933,863.15,0.00,0,1768577695744
262,-19.90504717,-43.92781933,863.15,0.00,0,1768577695744
262,-19.90504717,-43.92781933,863.15,0.00,0,1768577695744
262,-19.90504733,-43.92781933,863.15,0.00,0,1768577695744
262,-19.90504733,-43.92781933,863.15,0.00,0,1768577695744
262,-19.90505567,-43.92781400,863.43,0.00,0,1768577695744
262,-19.90505567,-43.92781400,863.43,0.00,0,1768577695744
262,-19.90505533,-43.92781400,863.43,0.00,0,1768577695744
262,-19.90505533,-43.92781400,863.43,0.00,0,1768577695744
262,-19.90505517,-43.92781417,863.43,0.00,0,1768577695744
262,-19.90505517,-43.92781417,863.43,0.00,0,1768577695744
262,-19.90505517,-43.92781417,863.43,0.00,0,1768577695744
262,-19.90505517,-43.92781417,863.43,0.00,0,1768577695744
262,-19.90505517,-43.92781417,863.43,0.00,0,1768577695744
262,-19.90505517,-43.92781417,863.43,0.00,0,1768577695744
262,-19.90505517,-43.92781417,863.43,0.00,0,1768577695744
262,-19.90505583,-43.92780700,864.27,0.00,0,1768577695744
262,-19.90505583,-43.92780700,864.27,0.00,0,1768577695744
262,-19.90505600,-43.92780700,864.27,0.00,0,1768577695744
262,-19.90505600,-43.92780700,864.27,0.00,0,1768577695744
262,-19.90505617,-43.92780700,864.26,0.00,0,1768577695744
262,-19.90505617,-43.92780700,864.26,0.00,0,1768577695744
262,-19.90505617,-43.92780683,864.25,0.00,0,1768577695744
262,-19.90505617,-43.92780683,864.25,0.00,0,1768577695744
262,-19.90505617,-43.92780700,864.25,0.00,0,1768577695744
262,-19.90505617,-43.92780700,864.25,0.00,0,1768577695744
262,-19.90505817,-43.92780533,864.71,318.73,0,1768577695744
262,-19.90505817,-43.92780533,864.71,318.73,0,1768577695744
262,-19.90505850,-43.92780517,864.71,0.00,0,1768577695744
262,-19.90505850,-43.92780517,864.71,0.00,0,1768577695744
262,-19.90505867,-43.92780517,864.69,0.00,0,1768577695744
262,-19.90505867,-43.92780517,864.69,0.00,0,1768577695744
262,-19.90505850,-43.92780533,864.69,0.00,0,1768577695744
262,-19.90505850,-43.92780533,864.69,0.00,0,1768577695744
262,-19.90505833,-43.92780533,864.69,0.00,0,1768577695744
262,-19.90505833,-43.92780533,864.69,0.00,0,1768577695744
262,-19.90506567,-43.92780167,864.93,0.00,0,1768577695744
262,-19.90506567,-43.92780167,864.93,0.00,0,1768577695744
262,-19.90506567,-43.92780167,864.93,0.00,0,1768577695744
262,-19.90506567,-43.92780167,864.93,0.00,0,1768577695744
262,-19.90506567,-43.92780167,864.93,0.00,0,1768577695744
262,-19.90506533,-43.92780183,864.92,0.00,0,1768577695744
262,-19.90506533,-43.92780183,864.92,0.00,0,1768577695744
262,-19.90506533,-43.92780167,864.92,0.00,0,1768577695744
262,-19.90506533,-43.92780167,864.92,0.00,0,1768577695744
262,-19.90506533,-43.92780167,864.92,0.00,0,1768577695744
262,-19.90506533,-43.92780167,864.91,0.00,0,1768577695744
262,-19.90506533,-43.92780167,864.91,0.00,0,1768577695744
262,-19.90506533,-43.92780167,864.91,0.00,0,1768577695744
262,-19.90506533,-43.92780167,864.91,0.00,0,1768577695744
262,-19.90506817,-43.92779533,865.52,0.00,0,1768577695744
262,-19.90506817,-43.92779533,865.52,0.00,0,1768577695744
262,-19.90506850,-43.92779517,865.51,318.91,0,1768577695744
262,-19.90506850,-43.92779517,865.51,318.91,0,1768577695744
262,-19.90506867,-43.92779517,865.51,0.00,0,1768577695744
262,-19.90506867,-43.92779517,865.51,0.00,0,1768577695744
262,-19.90506867,-43.92779517,865.51,0.00,0,1768577695744
262,-19.90506883,-43.92779517,865.50,0.00,0,1768577695744
262,-19.90506883,-43.92779517,865.50,0.00,0,1768577695744
262,-19.90507550,-43.92778917,865.35,628.57,0,1768577695744
262,-19.90507550,-43.92778917,865.35,628.57,0,1768577695744
262,-19.90507517,-43.92778917,865.35,628.57,0,1768577695744
262,-19.90507517,-43.92778917,865.35,628.57,0,1768577695744
262,-19.90507533,-43.92778933,865.34,0.00,0,1768577695744
262,-19.90507533,-43.92778933,865.34,0.00,0,1768577695744
262,-19.90507533,-43.92778933,865.34,0.00,0,1768577695744
262,-19.90507533,-43.92778933,865.34,0.00,0,1768577695744
262,-19.90507550,-43.92778933,865.33,0.00,0,1768577695744
262,-19.90507550,-43.92778933,865.33,0.00,0,1768577695744
262,-19.90508267,-43.92777917,865.68,0.00,0,1768577695744
262,-19.90508267,-43.92777917,865.68,0.00,0,1768577695744
262,-19.90508283,-43.92777917,865.67,0.00,0,1768577695744
262,-19.90508283,-43.92777917,865.67,0.00,0,1768577695744
262,-19.90508283,-43.92777917,865.67,0.00,0,1768577695744
262,-19.90508283,-43.92777917,865.67,0.00,0,1768577695744
262,-19.90508283,-43.92777917,865.67,0.00,0,1768577695744
262,-19.90508283,-43.92777917,865.67,0.00,0,1768577695744
262,-19.90508283,-43.92777917,865.67,0.00,0,1768577695744
262,-19.90508283,-43.92777917,865.67,0.00,0,1768577695744
262,-19.90508283,-43.92777917,865.67,0.00,0,1768577695744
262,-19.90508283,-43.92777917,865.67,0.00,0,1768577695744
262,-19.90508283,-43.92777917,865.67,0.00,0,1768577695744
262,-19.90508333,-43.92777150,866.05,0.00,0,1768577695744
262,-19.90508333,-43.92777150,866.05,0.00,0,1768577695744
262,-19.90508350,-43.92777150,866.04,0.00,0,1768577695744
262,-19.90508350,-43.92777150,866.04,0.00,0,1768577695744
262,-19.90508383,-43.92777150,866.04,0.00,0,1768577695744
262,-19.90508383,-43.92777150,866.04,0.00,0,1768577695744
262,-19.90508383,-43.92777150,866.04,0.00,0,1768577695744
262,-19.90508383,-43.92777167,866.02,0.00,0,1768577695744
262,-19.90508383,-43.92777167,866.02,0.00,0,1768577695744
262,-19.90507833,-43.92776467,866.68,0.00,0,1768577695744
262,-19.90507833,-43.92776467,866.68,0.00,0,1768577695744
262,-19.90507833,-43.92776483,866.68,0.00,0,1768577695744
262,-19.90507833,-43.92776483,866.68,0.00,0,1768577695744
262,-19.90507833,-43.92776483,866.68,0.00,0,1768577695744
262,-19.90507833,-43.92776500,866.68,0.00,0,1768577695744
262,-19.90507833,-43.92776500,866.68,0.00,0,1768577695744
262,-19.90507833,-43.92776500,866.68,0.00,0,1768577695744
262,-19.90507833,-43.92776500,866.68,0.00,0,1768577695744
262,-19.90507833,-43.92776500,866.68,0.00,0,1768577695744
262,-19.90507850,-43.92776500,866.68,0.00,0,1768577695744
262,-19.90507850,-43.92776500,866.68,0.00,0,1768577695744
262,-19.90507367,-43.92775917,867.45,0.00,0,1768577695744
262,-19.90507367,-43.92775917,867.45,0.00,0,1768577695744
262,-19.90507383,-43.92775900,867.45,0.00,0,1768577695744
262,-19.90507383,-43.92775900,867.45,0.00,0,1768577695744
262,-19.90507383,-43.92775900,867.45,0.00,1,1768577695744
262,-19.90507383,-43.92775900,867.45,0.00,1,1768577695744
262,-19.90507383,-43.92775900,867.45,0.00,1,1768577695744
262,-19.90507350,-43.92775900,867.44,0.00,0,1768577695744
262,-19.90507350,-43.92775900,867.44,0.00,0,1768577695744
262,-19.90507317,-43.92775900,867.43,0.00,0,1768577695744
262,-19.90507317,-43.92775900,867.43,0.00,0,1768577695744
262,-19.90507317,-43.92775900,867.43,0.00,0,1768577695744
262,-19.90507000,-43.92775150,868.23,0.00,0,1768577695744
262,-19.90507000,-43.92775150,868.23,0.00,0,1768577695744
262,-19.90506983,-43.92775150,868.22,0.00,0,1768577695744
262,-19.90506983,-43.92775150,868.22,0.00,0,1768577695744
262,-19.90506983,-43.92775150,868.21,0.00,0,1768577695744
262,-19.90506983,-43.92775150,868.21,0.00,0,1768577695744
262,-19.90507000,-43.92775133,868.21,0.00,0,1768577695744
262,-19.90507000,-43.92775133,868.21,0.00,0,1768577695744
262,0.00000000,0.00000000,218.00,0.00,0,0
262,0.00000000,0.00000000,218.00,0.00,0,0
262,0.00000000,0.00000000,218.00,0.00,0,0
262,-19.90506650,-43.92774833,218.00,0.00,0,1768577695744
262,-19.90506650,-43.92774833,218.00,0.00,0,1768577695744
262,-19.90506650,-43.92774833,218.00,0.00,0,1768577695744
262,-19.90506650,-43.92774833,868.40,0.00,0,1768577695744
262,-19.90506650,-43.92774833,868.40,0.00,0,1768577695744
262,-19.90506633,-43.92774850,868.40,0.00,0,1768577695744
262,-19.90506633,-43.92774850,868.40,0.00,0,1768577695744
262,-19.90506617,-43.92774867,868.40,0.00,0,1768577695744
262,-19.90506617,-43.92774867,868.40,0.00,0,1768577695744
262,-19.90506617,-43.92774867,868.39,0.00,0,1768577695744
262,-19.90506617,-43.92774867,868.39,0.00,0,1768577695744
262,-19.90506617,-43.92774867,868.39,0.00,0,1768577695744
262,-19.90507300,-43.92774750,868.39,0.00,0,1768577695744
262,-19.90507300,-43.92774750,868.39,0.00,0,1768577695744
262,-19.90507317,-43.92774767,868.45,0.00,0,1768577695744
262,-19.90507317,-43.92774767,868.45,0.00,0,1768577695744
262,-19.90507333,-43.92774767,868.45,0.00,0,1768577695744
262,-19.90507333,-43.92774767,868.45,0.00,0,1768577695744
262,-19.90507367,-43.92774767,868.45,0.00,0,1768577695744
262,-19.90507367,-43.92774767,868.45,0.00,0,1768577695744
262,-19.90507400,-43.92774767,868.44,0.00,0,1768577695744
262,-19.90507400,-43.92774767,868.44,0.00,0,1768577695744
262,-19.90507400,-43.92774767,868.44,0.00,0,1768577695744
262,-19.90508067,-43.92775000,868.44,0.00,0,1768577695744
262,-19.90508067,-43.92775000,868.44,0.00,0,1768577695744
262,-19.90508050,-43.92775017,868.19,0.00,0,1768577695744
262,-19.90508050,-43.92775017,868.19,0.00,0,1768577695744
262,-19.90508033,-43.92775033,868.19,0.00,0,1768577695744
262,-19.90508033,-43.92775033,868.19,0.00,0,1768577695744
262,-19.90508033,-43.92775033,868.19,0.00,0,1768577695744
262,-19.90508017,-43.92775033,868.19,0.00,0,1768577695744
262,-19.90508017,-43.92775033,868.19,0.00,0,1768577695744
262,-19.90508017,-43.92775033,868.18,0.00,0,1768577695744
262,-19.90508017,-43.92775033,868.18,0.00,0,1768577695744
262,-19.90508017,-43.92775033,868.18,0.00,0,1768577695744
262,-19.90507933,-43.92775600,868.20,0.00,0,1768577695744
262,-19.90507933,-43.92775600,868.20,0.00,0,1768577695744
262,-19.90507933,-43.92775600,2.00,0.00,0,1768577695744
262,-19.90507933,-43.92775600,2.00,0.00,0,1768577695744
262,-19.90507933,-43.92775600,2.00,0.00,0,1768577695744
262,-19.90507933,-43.92775583,868.19,0.00,0,1768577695744
262,-19.90507933,-43.92775583,868.19,0.00,0,1768577695744
262,-19.90507917,-43.92775600,868.18,0.00,0,1768577695744
262,-19.90507917,-43.92775600,868.18,0.00,0,1768577695744
262,-19.90507917,-43.92775600,868.18,0.00,0,1768577695744
262,-19.90507917,-43.92775600,868.18,0.00,0,1768577695744
262,-19.90507917,-43.92775600,868.18,0.00,0,1768577695744
262,-19.90506967,-43.92776017,868.33,0.00,0,1768577695744
262,-19.90506967,-43.92776017,868.33,0.00,0,1768577695744
262,-19.90506967,-43.92776017,868.32,0.00,0,1768577695744
262,-19.90506967,-43.92776017,868.32,0.00,0,1768577695744
262,-19.90506967,-43.92776017,868.32,0.00,0,1768577695744
262,-19.90506967,-43.92776017,868.32,0.00,0,1768577695744
262,-19.90506983,-43.92776033,868.32,0.00,0,1768577695744
262,-19.90506983,-43.92776033,868.32,0.00,0,1768577695744
262,-19.90506983,-43.92776033,868.32,0.00,0,1768577695744
262,-19.90507000,-43.92776033,868.32,0.00,0,1768577695744
262,-19.90507000,-43.92776033,868.32,0.00,0,1768577695744
262,-19.90507000,-43.92776033,868.32,0.00,0,1768577695744
262,-19.90507000,-43.92776033,868.32,0.00,0,1768577695744
262,-19.90507000,-43.92776033,868.32,0.00,0,1768577695744
262,-19.90506500,-43.92777000,868.31,0.00,0,1768577695744
262,-19.90506500,-43.92777000,868.31,0.00,0,1768577695744
262,-19.90506500,-43.92777017,868.31,0.00,0,1768577695744
262,-19.90506500,-43.92777017,868.31,0.00,0,1768577695744
262,-19.90506500,-43.92777017,868.31,0.00,0,1768577695744
262,-19.90506500,-43.92777017,868.31,0.00,0,1768577695744
262,-19.90506483,-43.92777000,868.31,0.00,0,1768577695744
262,-19.90506483,-43.92777000,868.31,0.00,0,1768577695744
262,-19.90505550,-43.92777450,868.78,0.00,0,1768577695744
262,-19.90505550,-43.92777450,868.78,0.00,0,1768577695744
262,-19.90505550,-43.92777450,868.78,0.00,0,1768577695744
262,-19.90505533,-43.92777450,868.78,0.00,0,1768577695744
262,-19.90505533,-43.92777450,868.78,0.00,0,1768577695744
262,-19.90505517,-43.92777450,868.77,0.00,0,1768577695744
262,-19.90505517,-43.92777450,868.77,0.00,0,1768577695744
262,-19.90505517,-43.92777450,868.77,0.00,0,1768577695744
262,-19.90505517,-43.92777450,868.77,0.00,0,1768577695744
262,-19.90505517,-43.92777450,868.77,0.00,0,1768577695744
262,-19.90505517,-43.92777450,868.77,0.00,0,1768577695744
262,-19.90505517,-43.92777450,868.77,0.00,0,1768577695744
262,-19.90505517,-43.92777450,868.77,0.00,0,1768577695744
262,-19.90505517,-43.92777450,868.77,0.00,0,1768577695744
262,-19.90504850,-43.92777900,869.06,0.00,0,1768577695744
262,-19.90504850,-43.92777900,869.06,0.00,0,1768577695744
262,-19.90504867,-43.92777883,869.06,0.00,0,1768577695744
262,-19.90504867,-43.92777883,869.06,0.00,0,1768577695744
262,-19.90504867,-43.92777883,869.06,0.00,0,1768577695744
262,-19.90504867,-43.92777883,869.06,0.00,0,1768577695744
262,-19.90504867,-43.92777883,869.06,0.00,0,1768577695744
262,-19.90504867,-43.92777883,869.05,0.00,0,1768577695744
262,-19.90504867,-43.92777883,869.05,0.00,0,1768577695744
262,0.00000000,0.00000000,26.00,0.00,1,0
262,0.00000000,0.00000000,26.00,0.00,1,0
262,0.00000000,0.00000000,26.00,0.00,1,0
262,-19.90504100,-43.92778350,26.00,0.00,0,1768577695744
262,-19.90504100,-43.92778350,26.00,0.00,0,1768577695744
262,-19.90504067,-43.92778367,869.49,0.00,0,1768577695744
262,-19.90504067,-43.92778367,869.49,0.00,0,1768577695744
262,-19.90504050,-43.92778383,869.49,0.00,0,1768577695744
262,-19.90504050,-43.92778383,869.49,0.00,0,1768577695744
262,-19.90504050,-43.92778383,869.49,0.00,0,1768577695744
262,-19.90504033,-43.92778383,869.49,0.00,0,1768577695744
262,-19.90504033,-43.92778383,869.49,0.00,0,1768577695744
262,-19.90503883,-43.92778650,869.98,0.00,0,1768577695744
262,-19.90503883,-43.92778650,869.98,0.00,0,1768577695744
262,-19.90503883,-43.92778650,869.98,0.00,0,1768577695744
262,-19.90503883,-43.92778650,869.98,0.00,0,1768577695744
262,-19.90503883,-43.92778650,869.98,0.00,0,1768577695744
262,-19.90503900,-43.92778650,869.98,0.00,0,1768577695744
262,-19.90503900,-43.92778650,869.98,0.00,0,1768577695744
262,-19.90503900,-43.92778650,869.99,0.00,0,1768577695744
262,-19.90503900,-43.92778650,869.99,0.00,0,1768577695744
262,-19.90503900,-43.92778650,869.99,0.00,0,1768577695744
262,-19.90503900,-43.92778650,869.99,0.00,0,1768577695744
262,-19.90503900,-43.92778650,869.99,0.00,0,1768577695744
262,-19.90503900,-43.92778650,869.99,0.00,0,1768577695744
262,-19.90504067,-43.92779083,870.09,0.00,0,1768577695744
262,-19.90504067,-43.92779083,870.09,0.00,0,1768577695744
262,-19.90504083,-43.92779083,870.10,0.00,0,1768577695744
262,-19.90504083,-43.92779083,870.10,0.00,0,1768577695744
262,-19.90504100,-43.92779067,870.10,0.00,0,1768577695744
262,-19.90504100,-43.92779067,870.10,0.00,0,1768577695744
262,-19.90504133,-43.92779067,870.10,0.00,0,1768577695744
262,-19.90504133,-43.92779067,870.10,0.00,0,1768577695744
262,-19.90504133,-43.92779067,870.10,0.00,0,1768577695744
262,-19.90504117,-43.92779067,870.10,0.00,0,1768577695744
262,-19.90504117,-43.92779067,870.10,0.00,0,1768577695744
262,-19.90504150,-43.92779217,870.78,0.00,0,1768577695744
262,-19.90504150,-43.92779217,870.78,0.00,0,1768577695744
262,-19.90504133,-43.92779217,870.79,0.00,0,1768577695744
262,-19.90504133,-43.92779217,870.79,0.00,0,1768577695744
262,-19.90504133,-43.92779217,870.79,0.00,0,1768577695744
262,-19.90504133,-43.92779233,870.78,0.00,0,1768577695744
262,-19.90504133,-43.92779233,870.78,0.00,0,1768577695744
262,-19.90504117,-43.92779233,870.78,0.00,0,1768577695744
262,-19.90504117,-43.92779233,870.78,0.00,0,1768577695744
262,-19.90504117,-43.92779233,870.78,0.00,0,1768577695744
262,-19.90504117,-43.92779233,870.78,0.00,0,1768577695744
262,-19.90504133,-43.92779450,871.05,0.00,0,1768577695744
262,-19.90504133,-43.92779450,871.05,0.00,0,1768577695744
262,-19.90504133,-43.92779450,871.05,0.00,0,1768577695744
262,-19.90504133,-43.92779450,871.05,0.00,0,1768577695744
262,-19.90504133,-43.92779450,871.05,0.00,0,1768577695744
262,-19.90504133,-43.92779450,871.05,0.00,0,1768577695744
262,-19.90504133,-43.92779450,871.05,0.00,0,1768577695744
262,-19.90504133,-43.92779450,871.05,0.00,0,1768577695744
262,-19.90504133,-43.92779450,871.05,0.00,0,1768577695744
262,-19.90504200,-43.92779433,871.04,0.00,0,1768577695744
262,-19.90504200,-43.92779433,871.04,0.00,0,1768577695744
262,-19.90504200,-43.92779433,871.04,0.00,0,1768577695744
262,-19.90504200,-43.92779433,871.04,0.00,0,1768577695744
262,-19.90504200,-43.92779433,871.04,0.00,0,1768577695744
262,-19.90503767,-43.92779733,871.22,0.00,0,1768577695744
262,-19.90503767,-43.92779733,871.22,0.00,0,1768577695744
262,-19.90503767,-43.92779733,871.21,0.00,0,1768577695744
262,-19.90503767,-43.92779733,871.21,0.00,0,1768577695744
262,-19.90503750,-43.92779750,871.21,0.00,0,1768577695744
262,-19.90503750,-43.92779750,871.21,0.00,0,1768577695744
262,-19.90503750,-43.92779750,871.21,0.00,0,1768577695744
262,-19.90503750,-43.92779767,871.20,0.00,0,1768577695744
262,-19.90503750,-43.92779767,871.20,0.00,0,1768577695744
262,-19.90503750,-43.92779767,871.19,0.00,0,1768577695744
262,-19.90503750,-43.92779767,871.19,0.00,0,1768577695744
262,-19.90503750,-43.92779767,871.19,0.00,0,1768577695744
262,-19.90503517,-43.92780133,871.19,0.00,0,1768577695744
262,-19.90503517,-43.92780133,871.19,0.00,0,1768577695744
262,-19.90503517,-43.92780150,871.24,0.00,0,1768577695744
262,-19.90503517,-43.92780150,871.24,0.00,0,1768577695744
262,-19.90503517,-43.92780150,871.24,0.00,0,1768577695744
262,-19.90503517,-43.92780150,871.24,0.00,0,1768577695744
262,-19.90503517,-43.92780150,871.24,0.00,0,1768577695744
262,-19.90503517,-43.92780150,871.24,0.00,0,1768577695744
262,-19.90503517,-43.92780150,871.24,0.00,0,1768577695744
262,-19.90503517,-43.92780150,871.24,0.00,0,1768577695744
262,-19.90503517,-43.92780150,871.24,0.00,0,1768577695744
262,-19.90503517,-43.92780150,871.24,0.00,0,1768577695744
262,-19.90503517,-43.92780150,871.24,0.00,0,1768577695744

