0,2053,0,0,0,0,0,0,0,0
75,2057,0,0,0,0,0,0,0,0
76,2060,0,0,0,0,1,0,10,0
259,2063,129,255,79,32,60,255,0,0
77,2064,211,36,0,0,0,0,5,0
78,2068,0,0,0,0,0,0,0,0
79,2072,0,0,0,0,0,0,0,0
260,2075,253,255,5,0,2,0,0,0
81,2077,0,0,0,0,0,0,0,0
52,2080,0,0,0,0,0,0,0,0
306,2083,201,129,213,126,23,3,58,2
307,2085,1,0,0,0,1,0,1,0
86,2086,50,1,0,0,0,0,0,0
87,2088,2,0,0,0,0,0,0,0
261,2092,177,1,0,0,0,0,0,0
88,2093,0,0,0,0,0,0,0,0
95,2097,0,0,0,0,0,0,0,0
96,2101,57,1,0,0,0,0,0,0
97,2104,2,0,0,0,0,0,0,0
98,2108,0,0,0,0,0,0,0,0
351,2112,0,0,0,0,56,1,82,2
259,2127,131,255,76,32,67,255,0,0
260,2138,252,255,6,0,1,0,0,0
261,2148,169,1,0,0,0,0,0,0
0,2167,0,0,0,0,0,0,0,0
75,2170,0,0,0,0,0,0,0,0
76,2174,0,0,0,0,1,0,10,0
77,2179,211,36,0,0,0,0,5,0
78,2183,0,0,0,0,0,0,0,0
259,2185,126,255,63,32,60,255,0,0
79,2187,0,0,0,0,0,0,0,0
81,2191,0,0,0,0,0,0,0,0
52,2195,0,0,0,0,0,0,0,0
260,2197,252,255,5,0,1,0,0,0
86,2198,50,1,0,0,0,0,0,0
87,2202,2,0,0,0,0,0,0,0
88,2206,0,0,0,0,0,0,0,0
261,2210,183,1,0,0,0,0,0,0
95,2211,0,0,0,0,0,0,0,0
96,2214,57,1,0,0,0,0,0,0
97,2219,2,0,0,0,0,0,0,0
98,2223,0,0,0,0,0,0,0,0
351,2227,0,0,0,0,30,1,88,2
259,2245,132,255,80,32,67,255,0,0
260,2255,251,255,6,0,1,0,0,0
261,2265,173,1,0,0,0,0,0,0
0,2281,0,0,0,0,0,0,0,0
75,2285,0,0,0,0,0,0,0,0
76,2289,0,0,0,0,1,0,10,0
77,2292,211,36,0,0,0,0,5,0
300,2294,67,129,169,129,169,129,113,129
78,2296,0,0,0,0,0,0,0,0
301,2298,34,128,19,128,55,128,120,126
79,2300,0,0,0,0,0,0,0,0
302,2302,157,129,172,129,180,129,200,128
81,2305,0,0,0,0,0,0,0,0
303,2307,49,128,73,128,57,128,52,128
52,2310,0,0,0,0,0,0,0,0
304,2312,132,128,121,128,130,128,107,128
86,2316,50,1,0,0,0,0,0,0
305,2318,181,129,202,129,196,129,176,129
88,2321,0,0,0,0,0,0,0,0
87,2323,2,0,0,0,0,0,0,0
95,2325,0,0,0,0,0,0,0,0
259,2328,136,255,70,32,68,255,0,0
96,2330,57,1,0,0,0,0,0,0
97,2333,2,0,0,0,0,0,0,0
98,2336,0,0,0,0,0,0,0,0
351,2341,0,0,0,0,46,1,76,2
260,2342,253,255,7,0,2,0,0,0
261,2351,177,1,0,0,0,0,0,0
259,2381,129,255,75,32,66,255,0,0
260,2392,253,255,7,0,1,0,0,0
0,2396,0,0,0,0,0,0,0,0
75,2399,0,0,0,0,0,0,0,0
76,2403,0,0,0,0,1,0,10,0
261,2405,167,1,0,0,0,0,0,0
77,2407,211,36,0,0,0,0,5,0
78,2411,0,0,0,0,0,0,0,0
79,2415,0,0,0,0,0,0,0,0
81,2419,0,0,0,0,0,0,0,0
52,2423,0,0,0,0,0,0,0,0
86,2427,50,1,0,0,0,0,0,0
87,2430,2,0,0,0,0,0,0,0
88,2435,0,0,0,0,0,0,0,0
95,2439,0,0,0,0,0,0,0,0
96,2443,57,1,0,0,0,0,0,0
259,2445,126,255,77,32,64,255,0,0
97,2447,2,0,0,0,0,0,0,0
98,2451,0,0,0,0,0,0,0,0
351,2455,0,0,0,0,40,1,78,2
260,2458,252,255,6,0,1,0,0,0
261,2468,176,1,0,0,0,0,0,0
259,2498,127,255,71,32,63,255,0,0
260,2508,252,255,8,0,1,0,0,0
0,2509,0,0,0,0,0,0,0,0
75,2513,0,0,0,0,0,0,0,0
76,2518,0,0,0,0,1,0,10,0
77,2522,211,36,0,0,0,0,5,0
261,2524,175,1,0,0,0,0,0,0
78,2525,0,0,0,0,0,0,0,0
79,2529,0,0,0,0,0,0,0,0
81,2533,0,0,0,0,0,0,0,0
52,2537,0,0,0,0,0,0,0,0
306,2540,202,129,120,126,23,3,58,2
307,2541,1,0,0,0,1,0,1,0
86,2543,50,1,0,0,0,0,0,0
87,2545,2,0,0,0,0,0,0,0
88,2549,0,0,0,0,0,0,0,0
95,2553,0,0,0,0,0,0,0,0
96,2557,57,1,0,0,0,0,0,0
97,2562,2,0,0,0,0,0,0,0
98,2566,0,0,0,0,0,0,0,0
259,2568,126,255,72,32,61,255,0,0
351,2569,0,0,0,0,44,1,76,2
260,2579,251,255,5,0,1,0,0,0
261,2588,178,1,0,0,0,0,0,0
259,2619,130,255,74,32,65,255,0,0
0,2624,0,0,0,0,0,0,0,0
75,2627,0,0,0,0,0,0,0,0
76,2631,0,0,0,0,1,0,10,0
260,2633,251,255,7,0,2,0,0,0
77,2635,211,36,0,0,0,0,5,0
78,2639,0,0,0,0,0,0,0,0
79,2643,0,0,0,0,0,0,0,0
261,2646,169,1,0,0,0,0,0,0
81,2648,0,0,0,0,0,0,0,0
52,2652,0,0,0,0,0,0,0,0
86,2656,50,1,0,0,0,0,0,0
87,2660,2,0,0,0,0,0,0,0
88,2663,0,0,0,0,0,0,0,0
95,2667,0,0,0,0,0,0,0,0
96,2671,57,1,0,0,0,0,0,0
97,2675,2,0,0,0,0,0,0,0
98,2679,0,0,0,0,0,0,0,0
351,2683,0,0,0,0,64,1,82,2
259,2685,130,255,74,32,60,255,0,0
260,2695,253,255,6,0,2,0,0,0
261,2705,181,1,0,0,0,0,0,0
259,2735,129,255,72,32,60,255,0,0
0,2738,0,0,0,0,0,0,0,0
75,2742,0,0,0,0,0,0,0,0
76,2746,0,0,0,0,1,0,10,0
260,2748,253,255,7,0,1,0,0,0
77,2750,211,36,0,0,0,0,5,0
300,2751,67,129,169,129,169,129,113,129
78,2754,0,0,0,0,0,0,0,0
301,2755,34,128,19,128,56,128,120,126
79,2757,0,0,0,0,0,0,0,0
302,2759,158,129,173,129,180,129,200,128
81,2762,0,0,0,0,0,0,0,0
303,2764,48,128,73,128,57,128,52,128
52,2767,0,0,0,0,0,0,0,0
86,2769,50,1,0,0,0,0,0,0
305,2771,180,129,201,129,195,129,176,129
87,2776,2,0,0,0,0,0,0,0
88,2778,0,0,0,0,0,0,0,0
304,2780,132,128,120,128,131,128,107,128
95,2784,0,0,0,0,0,0,0,0
261,2786,176,1,0,0,0,0,0,0
96,2788,57,1,0,0,0,0,0,0
97,2790,2,0,0,0,0,0,0,0
98,2794,0,0,0,0,0,0,0,0
351,2798,0,0,0,0,42,1,82,2
259,2819,132,255,69,32,62,255,0,0
260,2829,251,255,7,0,2,0,0,0
261,2839,183,1,0,0,0,0,0,0
0,2852,0,0,0,0,0,0,0,0
75,2855,0,0,0,0,0,0,0,0
76,2860,0,0,0,0,1,0,10,0
77,2864,211,36,0,0,0,0,5,0
78,2868,0,0,0,0,0,0,0,0
79,2872,0,0,0,0,0,0,0,0
81,2876,0,0,0,0,0,0,0,0
259,2878,126,255,72,32,61,255,0,0
52,2880,0,0,0,0,0,0,0,0
86,2884,50,1,0,0,0,0,0,0
87,2888,2,0,0,0,0,0,0,0
260,2891,253,255,6,0,1,0,0,0
88,2892,0,0,0,0,0,0,0,0
95,2895,0,0,0,0,0,0,0,0
96,2899,57,1,0,0,0,0,0,0
97,2904,2,0,0,0,0,0,0,0
261,2906,183,1,0,0,0,0,0,0
98,2908,0,0,0,0,0,0,0,0
351,2912,0,0,0,0,38,1,82,2
259,2937,130,255,69,32,62,255,0,0
260,2948,253,255,4,0,1,0,0,0
261,2957,181,1,0,0,0,0,0,0
0,2966,0,0,0,0,0,0,0,0
75,2970,0,0,0,0,0,0,0,0
76,2974,0,0,0,0,1,0,10,0
77,2978,211,36,0,0,0,0,5,0
78,2982,0,0,0,0,0,0,0,0
79,2987,0,0,0,0,0,0,0,0
81,2990,0,0,0,0,0,0,0,0
52,2994,0,0,0,0,0,0,0,0
259,2997,120,255,70,32,70,255,0,0
306,2998,201,129,120,126,23,3,58,2
307,3000,1,0,0,0,1,0,1,0
87,3002,2,0,0,0,0,0,0,0
88,3006,0,0,0,0,0,0,0,0
95,3010,0,0,0,0,0,0,0,0
260,3013,252,255,7,0,2,0,0,0
96,3015,57,1,0,0,0,0,0,0
97,3018,2,0,0,0,0,0,0,0
98,3022,0,0,0,0,0,0,0,0
261,3025,178,1,0,0,0,0,0,0
351,3026,0,0,0,0,42,1,84,2
259,3056,130,255,74,32,70,255,0,0
260,3066,253,255,7,0,1,0,0,0
261,3077,177,1,0,0,0,0,0,0
0,3081,0,0,0,0,0,0,0,0
75,3084,0,0,0,0,0,0,0,0
76,3088,0,0,0,0,1,0,10,0
77,3093,211,36,0,0,0,0,5,0
78,3096,0,0,0,0,0,0,0,0
79,3100,0,0,0,0,0,0,0,0
81,3104,0,0,0,0,0,0,0,0
52,3108,0,0,0,0,0,0,0,0
86,3112,50,1,0,0,0,0,0,0
259,3116,124,255,69,32,63,255,0,0
87,3118,2,0,0,0,0,0,0,0
88,3121,0,0,0,0,0,0,0,0
95,3125,0,0,0,0,0,0,0,0
96,3128,57,1,0,0,0,0,0,0
260,3130,252,255,6,0,1,0,0,0
97,3132,2,0,0,0,0,0,0,0
98,3136,0,0,0,0,0,0,0,0
351,3140,0,0,0,0,50,1,80,2
261,3142,166,1,0,0,0,0,0,0
259,3173,127,255,77,32,68,255,0,0
260,3183,252,255,6,0,2,0,0,0
261,3192,182,1,0,0,0,0,0,0
0,3194,0,0,0,0,0,0,0,0
75,3198,0,0,0,0,0,0,0,0
76,3203,0,0,0,0,1,0,10,0
77,3207,211,36,0,0,0,0,5,0
300,3208,67,129,169,129,169,129,113,129
78,3211,0,0,0,0,0,0,0,0
301,3212,34,128,19,128,55,128,120,126
79,3215,0,0,0,0,0,0,0,0
302,3216,158,129,173,129,180,129,200,128
81,3219,0,0,0,0,0,0,0,0
303,3220,49,128,73,128,57,128,51,128
52,3223,0,0,0,0,0,0,0,0
304,3226,132,128,121,128,131,128,107,128
86,3229,50,1,0,0,0,0,0,0
87,3231,2,0,0,0,0,0,0,0
305,3233,180,129,201,129,195,129,175,129
88,3237,0,0,0,0,0,0,0,0
95,3239,0,0,0,0,0,0,0,0
96,3243,57,1,0,0,0,0,0,0
97,3247,2,0,0,0,0,0,0,0
98,3251,0,0,0,0,0,0,0,0
351,3255,0,0,0,0,46,1,78,2
259,3257,132,255,75,32,66,255,0,0
260,3267,254,255,5,0,0,0,0,0
261,3277,177,1,0,0,0,0,0,0
259,3307,132,255,70,32,70,255,0,0
0,3309,0,0,0,0,0,0,0,0
75,3312,0,0,0,0,0,0,0,0
76,3316,0,0,0,0,1,0,10,0
77,3320,211,36,0,0,0,0,5,0
260,3322,253,255,6,0,1,0,0,0
78,3324,0,0,0,0,0,0,0,0
79,3329,0,0,0,0,0,0,0,0
81,3333,0,0,0,0,0,0,0,0
261,3335,166,1,0,0,0,0,0,0
52,3337,0,0,0,0,0,0,0,0
86,3341,50,1,0,0,0,0,0,0
87,3345,2,0,0,0,0,0,0,0
88,3349,0,0,0,0,0,0,0,0
95,3353,0,0,0,0,0,0,0,0
96,3357,57,1,0,0,0,0,0,0
97,3360,2,0,0,0,0,0,0,0
98,3364,0,0,0,0,0,0,0,0
351,3368,0,0,0,0,48,1,62,2
259,3374,126,255,72,32,67,255,0,0
260,3384,253,255,6,0,0,0,0,0
261,3394,188,1,0,0,0,0,0,0
0,3424,0,0,0,0,0,0,0,0
259,3426,135,255,72,32,71,255,0,0
75,3427,0,0,0,0,0,0,0,0
76,3431,0,0,0,0,1,0,10,0
77,3435,211,36,0,0,0,0,5,0
78,3439,0,0,0,0,0,0,0,0
260,3441,253,255,7,0,1,0,0,0
79,3443,0,0,0,0,0,0,0,0
81,3447,0,0,0,0,0,0,0,0
52,3451,0,0,0,0,0,0,0,0
261,3453,176,1,0,0,0,0,0,0
306,3454,201,129,120,126,23,3,58,2
86,3457,50,1,0,0,0,0,0,0
307,3458,1,0,0,0,1,0,1,0
87,3459,2,0,0,0,0,0,0,0
88,3463,0,0,0,0,0,0,0,0
95,3467,0,0,0,0,0,0,0,0
96,3471,57,1,0,0,0,0,0,0
97,3475,2,0,0,0,0,0,0,0
98,3479,0,0,0,0,0,0,0,0
351,3483,0,0,0,0,44,1,74,2
259,3494,128,255,74,32,69,255,0,0
260,3505,253,255,7,0,1,0,0,0
261,3514,181,1,0,0,0,0,0,0
0,3537,0,0,0,0,0,0,0,0
75,3542,0,0,0,0,0,0,0,0
76,3545,0,0,0,0,1,0,10,0
259,3549,130,255,70,32,62,255,0,0
77,3550,211,36,0,0,0,0,5,0
78,3553,0,0,0,0,0,0,0,0
79,3557,0,0,0,0,0,0,0,0
81,3561,0,0,0,0,0,0,0,0
260,3563,251,255,5,0,1,0,0,0
52,3565,0,0,0,0,0,0,0,0
86,3569,50,1,0,0,0,0,0,0
87,3573,2,0,0,0,0,0,0,0
261,3575,173,1,0,0,0,0,0,0
88,3577,0,0,0,0,0,0,0,0
95,3581,0,0,0,0,0,0,0,0
96,3586,57,1,0,0,0,0,0,0
97,3590,2,0,0,0,0,0,0,0
98,3594,0,0,0,0,0,0,0,0
351,3597,0,0,0,0,48,1,80,2
259,3611,128,255,76,32,61,255,0,0
260,3621,254,255,6,0,1,0,0,0
261,3632,179,1,0,0,0,0,0,0
0,3652,0,0,0,0,0,0,0,0
75,3655,0,0,0,0,0,0,0,0
76,3659,0,0,0,0,1,0,10,0
77,3663,211,36,0,0,0,0,5,0
300,3664,72,129,169,129,169,129,124,129
78,3667,0,0,0,0,0,0,0,0
301,3668,41,128,19,128,56,128,214,126
79,3672,0,0,0,0,0,0,0,0
302,3673,161,129,173,129,179,129,215,128
81,3676,0,0,0,0,0,0,0,0
303,3678,50,128,73,128,57,128,52,128
52,3681,0,0,0,0,0,0,0,0
304,3683,133,128,121,128,131,128,107,128
86,3686,50,1,0,0,0,0,0,0
87,3688,2,0,0,0,0,0,0,0
305,3690,180,129,201,129,196,129,176,129
88,3694,0,0,0,0,0,0,0,0
95,3696,0,0,0,0,0,0,0,0
259,3698,126,255,73,32,60,255,0,0
96,3701,57,1,0,0,0,0,0,0
97,3703,2,0,0,0,0,0,0,0
260,3705,252,255,7,0,1,0,0,0
98,3708,0,0,0,0,0,0,0,0
351,3712,0,0,0,0,44,1,80,2
261,3718,181,1,0,0,0,0,0,0
259,3747,128,255,71,32,60,255,0,0
260,3758,253,255,6,0,1,0,0,0
0,3766,0,0,0,0,0,0,0,0
261,3769,183,1,0,0,0,0,0,0
75,3770,0,0,0,0,0,0,0,0
76,3774,0,0,0,0,1,0,10,0
77,3777,211,36,0,0,0,0,5,0
78,3781,0,0,0,0,0,0,0,0
79,3785,0,0,0,0,0,0,0,0
81,3789,0,0,0,0,0,0,0,0
52,3793,0,0,0,0,0,0,0,0
86,3798,50,1,0,0,0,0,0,0
87,3802,2,0,0,0,0,0,0,0
88,3806,0,0,0,0,0,0,0,0
259,3809,127,255,72,32,67,255,0,0
95,3811,0,0,0,0,0,0,0,0
96,3814,57,1,0,0,0,0,0,0
97,3818,2,0,0,0,0,0,0,0
98,3822,0,0,0,0,0,0,0,0
260,3824,252,255,6,0,1,0,0,0
351,3825,0,0,0,0,44,1,82,2
261,3834,178,1,0,0,0,0,0,0
259,3864,130,255,78,32,57,255,0,0
260,3874,253,255,4,0,1,0,0,0
0,3880,0,0,0,0,0,0,0,0
75,3884,0,0,0,0,0,0,0,0
261,3887,181,1,0,0,0,0,0,0
76,3889,0,0,0,0,1,0,10,0
77,3892,211,36,0,0,0,0,5,0
78,3896,0,0,0,0,0,0,0,0
79,3900,0,0,0,0,0,0,0,0
81,3904,0,0,0,0,0,0,0,0
52,3908,0,0,0,0,0,0,0,0
306,3909,201,129,214,126,23,3,58,2
307,3911,1,0,0,0,1,0,1,0
86,3912,50,1,0,0,0,0,0,0
87,3916,2,0,0,0,0,0,0,0
88,3919,0,0,0,0,0,0,0,0
95,3923,0,0,0,0,0,0,0,0
96,3928,57,1,0,0,0,0,0,0
97,3932,2,0,0,0,0,0,0,0
259,3935,130,255,72,32,67,255,0,0
98,3937,0,0,0,0,0,0,0,0
351,3940,0,0,0,0,46,1,92,2
260,3947,251,255,6,0,1,0,0,0
261,3957,180,1,0,0,0,0,0,0
259,3987,130,255,67,32,72,255,0,0
0,3994,0,0,0,0,0,0,0,0
75,3998,0,0,0,0,0,0,0,0
260,4000,254,255,5,0,1,0,0,0
76,4002,0,0,0,0,1,0,10,0
77,4006,211,36,0,0,0,0,5,0
78,4011,0,0,0,0,0,0,0,0
261,4014,184,1,0,0,0,0,0,0
79,4015,0,0,0,0,0,0,0,0
81,4018,0,0,0,0,0,0,0,0
52,4022,0,0,0,0,0,0,0,0
86,4026,50,1,0,0,0,0,0,0
87,4030,2,0,0,0,0,0,0,0
88,4034,0,0,0,0,0,0,0,0
95,4038,0,0,0,0,0,0,0,0
96,4042,57,1,0,0,0,0,0,0
97,4046,2,0,0,0,0,0,0,0
98,4050,0,0,0,0,0,0,0,0
259,4054,126,255,74,32,66,255,0,0
351,4055,0,0,0,0,48,1,82,2
260,4065,252,255,5,0,2,0,0,0
261,4074,170,1,0,0,0,0,0,0
259,4105,123,255,74,32,63,255,0,0
0,4109,0,0,0,0,0,0,0,0
75,4112,0,0,0,0,0,0,0,0
76,4116,0,0,0,0,1,0,10,0
260,4119,253,255,6,0,2,0,0,0
300,4120,67,129,169,129,169,129,114,129
77,4122,211,36,0,0,0,0,5,0
78,4124,0,0,0,0,0,0,0,0
301,4125,34,128,18,128,55,128,120,126
79,4128,0,0,0,0,0,0,0,0
302,4129,157,129,173,129,180,129,199,128
81,4133,0,0,0,0,0,0,0,0
303,4135,48,128,73,128,57,128,52,128
52,4139,0,0,0,0,0,0,0,0
86,4141,50,1,0,0,0,0,0,0
305,4143,181,129,202,129,196,129,176,129
87,4146,2,0,0,0,0,0,0,0
88,4149,0,0,0,0,0,0,0,0
304,4151,132,128,121,128,131,128,107,128
95,4154,0,0,0,0,0,0,0,0
261,4156,175,1,0,0,0,0,0,0
96,4159,57,1,0,0,0,0,0,0
97,4161,2,0,0,0,0,0,0,0
98,4164,0,0,0,0,0,0,0,0
351,4168,0,0,0,0,64,1,76,2
259,4190,129,255,79,32,62,255,0,0
260,4200,253,255,5,0,1,0,0,0
261,4210,184,1,0,0,0,0,0,0
0,4222,0,0,0,0,0,0,0,0
75,4227,0,0,0,0,0,0,0,0
76,4231,0,0,0,0,1,0,10,0
77,4235,211,36,0,0,0,0,5,0
78,4239,0,0,0,0,0,0,0,0
79,4242,0,0,0,0,0,0,0,0
81,4246,0,0,0,0,0,0,0,0
259,4248,128,255,80,32,69,255,0,0
52,4250,0,0,0,0,0,0,0,0
86,4254,50,1,0,0,0,0,0,0
87,4258,2,0,0,0,0,0,0,0
260,4260,253,255,6,0,0,0,0,0
88,4262,0,0,0,0,0,0,0,0
95,4267,0,0,0,0,0,0,0,0
96,4271,57,1,0,0,0,0,0,0
261,4274,179,1,0,0,0,0,0,0
97,4275,2,0,0,0,0,0,0,0
98,4279,0,0,0,0,0,0,0,0
351,4283,0,0,0,0,30,1,78,2
259,4306,128,255,76,32,61,255,0,0
260,4317,253,255,7,0,1,0,0,0
261,4327,177,1,0,0,0,0,0,0
0,4337,0,0,0,0,0,0,0,0
75,4340,0,0,0,0,0,0,0,0
76,4345,0,0,0,0,1,0,10,0
77,4348,211,36,0,0,0,0,5,0
78,4353,0,0,0,0,0,0,0,0
79,4357,0,0,0,0,0,0,0,0
81,4361,0,0,0,0,0,0,0,0
259,4364,134,255,71,32,65,255,0,0
52,4366,0,0,0,0,0,0,0,0
306,4367,202,129,120,126,23,3,58,2
307,4369,1,0,0,0,1,0,1,0
86,4370,50,1,0,0,0,0,0,0
87,4373,2,0,0,0,0,0,0,0
88,4377,0,0,0,0,0,0,0,0
95,4381,0,0,0,0,0,0,0,0
96,4384,57,1,0,0,0,0,0,0
260,4386,251,255,5,0,1,0,0,0
97,4388,2,0,0,0,0,0,0,0
98,4392,0,0,0,0,0,0,0,0
351,4397,0,0,0,0,44,1,82,2
261,4400,177,1,0,0,0,0,0,0
259,4429,125,255,68,32,66,255,0,0
260,4440,251,255,7,0,1,0,0,0
261,4449,173,1,0,0,0,0,0,0
0,4451,0,0,0,0,0,0,0,0
75,4455,0,0,0,0,0,0,0,0
76,4459,0,0,0,0,1,0,10,0
77,4463,211,36,0,0,0,0,5,0
78,4467,0,0,0,0,0,0,0,0
79,4471,0,0,0,0,0,0,0,0
81,4475,0,0,0,0,0,0,0,0
52,4478,0,0,0,0,0,0,0,0
86,4483,50,1,0,0,0,0,0,0
87,4487,2,0,0,0,0,0,0,0
259,4491,128,255,78,32,64,255,0,0
88,4492,0,0,0,0,0,0,0,0
95,4495,0,0,0,0,0,0,0,0
96,4499,57,1,0,0,0,0,0,0
260,4502,253,255,6,0,1,0,0,0
97,4504,2,0,0,0,0,0,0,0
98,4507,0,0,0,0,0,0,0,0
351,4511,0,0,0,0,40,1,72,2
261,4515,173,1,0,0,0,0,0,0
259,4545,130,255,73,32,67,255,0,0
260,4555,253,255,6,0,0,0,0,0
261,4566,167,1,0,0,0,0,0,0
0,4567,0,0,0,0,0,0,0,0
75,4570,0,0,0,0,0,0,0,0
76,4573,0,0,0,0,1,0,10,0
300,4577,73,129,169,129,169,129,123,129
77,4579,211,36,0,0,0,0,5,0
78,4581,0,0,0,0,0,0,0,0
301,4582,42,128,19,128,56,128,213,126
79,4585,0,0,0,0,0,0,0,0
302,4586,161,129,174,129,180,129,215,128
81,4589,0,0,0,0,0,0,0,0
303,4591,50,128,72,128,57,128,53,128
52,4594,0,0,0,0,0,0,0,0
304,4596,133,128,121,128,131,128,107,128
86,4599,50,1,0,0,0,0,0,0
87,4602,2,0,0,0,0,0,0,0
305,4604,180,129,200,129,196,129,176,129
88,4608,0,0,0,0,0,0,0,0
95,4610,0,0,0,0,0,0,0,0
96,4614,57,1,0,0,0,0,0,0
97,4617,2,0,0,0,0,0,0,0
98,4621,0,0,0,0,0,0,0,0
351,4625,0,0,0,0,46,1,82,2
259,4631,130,255,83,32,59,255,0,0
260,4640,253,255,6,0,0,0,0,0
261,4651,177,1,0,0,0,0,0,0
0,4680,0,0,0,0,0,0,0,0
259,4681,125,255,79,32,59,255,0,0
75,4683,0,0,0,0,0,0,0,0
76,4687,0,0,0,0,1,0,10,0
77,4691,211,36,0,0,0,0,5,0
78,4696,0,0,0,0,0,0,0,0
260,4697,251,255,6,0,2,0,0,0
79,4700,0,0,0,0,0,0,0,0
81,4704,0,0,0,0,0,0,0,0
52,4708,0,0,0,0,0,0,0,0
261,4710,179,1,0,0,0,0,0,0
86,4711,50,1,0,0,0,0,0,0
87,4715,2,0,0,0,0,0,0,0
88,4719,0,0,0,0,0,0,0,0
95,4723,0,0,0,0,0,0,0,0
96,4727,57,1,0,0,0,0,0,0
97,4731,2,0,0,0,0,0,0,0
98,4736,0,0,0,0,0,0,0,0
351,4740,0,0,0,0,38,1,78,2
259,4748,133,255,70,32,67,255,0,0
260,4758,253,255,7,0,2,0,0,0
261,4768,173,1,0,0,0,0,0,0
0,4794,0,0,0,0,0,0,0,0
75,4798,0,0,0,0,0,0,0,0
259,4801,128,255,71,32,62,255,0,0
76,4802,0,0,0,0,1,0,10,0
77,4805,211,36,0,0,0,0,5,0
78,4809,0,0,0,0,0,0,0,0
79,4813,0,0,0,0,0,0,0,0
260,4815,252,255,5,0,3,0,0,0
81,4817,0,0,0,0,0,0,0,0
52,4822,0,0,0,0,0,0,0,0
306,4823,200,129,213,126,23,3,58,2
307,4825,1,0,0,0,1,0,1,0
86,4826,50,1,0,0,0,0,0,0
87,4830,2,0,0,0,0,0,0,0
261,4833,177,1,0,0,0,0,0,0
88,4834,0,0,0,0,0,0,0,0
95,4838,0,0,0,0,0,0,0,0
96,4842,57,1,0,0,0,0,0,0
97,4846,2,0,0,0,0,0,0,0
98,4849,0,0,0,0,0,0,0,0
351,4853,0,0,0,0,44,1,80,2
259,4867,127,255,74,32,66,255,0,0
260,4877,252,255,6,0,1,0,0,0
261,4887,168,1,0,0,0,0,0,0
0,4909,0,0,0,0,0,0,0,0
75,4912,0,0,0,0,0,0,0,0
76,4916,0,0,0,0,1,0,10,0
77,4920,211,36,0,0,0,0,5,0
259,4922,130,255,72,32,60,255,0,0
78,4924,0,0,0,0,0,0,0,0
79,4928,0,0,0,0,0,0,0,0
81,4932,0,0,0,0,0,0,0,0
260,4935,252,255,5,0,1,0,0,0
52,4936,0,0,0,0,0,0,0,0
86,4940,50,1,0,0,0,0,0,0
87,4943,2,0,0,0,0,0,0,0
88,4947,0,0,0,0,0,0,0,0
261,4950,171,1,0,0,0,0,0,0
95,4952,0,0,0,0,0,0,0,0
96,4956,57,1,0,0,0,0,0,0
97,4960,2,0,0,0,0,0,0,0
98,4964,0,0,0,0,0,0,0,0
351,4968,0,0,0,0,46,1,80,2
259,4984,131,255,80,32,69,255,0,0
260,4995,253,255,5,0,1,0,0,0
261,5005,184,1,0,0,0,0,0,0
0,5022,0,0,0,0,0,0,0,0
75,5026,0,0,0,0,0,0,0,0
76,5030,0,0,0,0,1,0,10,0
300,5033,68,129,170,129,169,129,113,129
77,5035,211,36,0,0,0,0,5,0
301,5038,34,128,18,128,55,128,120,126
78,5040,0,0,0,0,0,0,0,0
302,5042,157,129,173,129,181,129,200,128
79,5044,0,0,0,0,0,0,0,0
303,5046,48,128,73,128,56,128,52,128
81,5048,0,0,0,0,0,0,0,0
52,5050,0,0,0,0,0,0,0,0
304,5052,132,128,120,128,131,128,107,128
86,5056,50,1,0,0,0,0,0,0
87,5058,2,0,0,0,0,0,0,0
305,5060,180,129,201,129,196,129,175,129
88,5064,0,0,0,0,0,0,0,0
259,5066,124,255,78,32,73,255,0,0
95,5069,0,0,0,0,0,0,0,0
96,5071,57,1,0,0,0,0,0,0
97,5074,2,0,0,0,0,0,0,0
98,5079,0,0,0,0,0,0,0,0
260,5081,253,255,6,0,1,0,0,0
351,5082,0,0,0,0,44,1,82,2
261,5091,165,1,0,0,0,0,0,0
259,5121,122,255,77,32,63,255,0,0
260,5131,253,255,5,0,1,0,0,0
0,5137,0,0,0,0,0,0,0,0
75,5140,0,0,0,0,0,0,0,0
261,5144,191,1,0,0,0,0,0,0
76,5145,0,0,0,0,1,0,10,0
77,5148,211,36,0,0,0,0,5,0
78,5152,0,0,0,0,0,0,0,0
79,5156,0,0,0,0,0,0,0,0
81,5160,0,0,0,0,0,0,0,0
52,5165,0,0,0,0,0,0,0,0
86,5169,50,1,0,0,0,0,0,0
87,5173,2,0,0,0,0,0,0,0
88,5176,0,0,0,0,0,0,0,0
95,5180,0,0,0,0,0,0,0,0
259,5184,134,255,74,32,71,255,0,0
96,5185,57,1,0,0,0,0,0,0
97,5188,2,0,0,0,0,0,0,0
98,5192,0,0,0,0,0,0,0,0
351,5196,0,0,0,0,38,1,78,2
260,5198,252,255,5,0,2,0,0,0
261,5207,172,1,0,0,0,0,0,0
259,5237,122,255,74,32,72,255,0,0
260,5246,251,255,7,0,0,0,0,0
0,5251,0,0,0,0,0,0,0,0
75,5255,0,0,0,0,0,0,0,0
76,5259,0,0,0,0,1,0,10,0
261,5261,181,1,0,0,0,0,0,0
77,5263,211,36,0,0,0,0,5,0
78,5266,0,0,0,0,0,0,0,0
79,5270,0,0,0,0,0,0,0,0
81,5274,0,0,0,0,0,0,0,0
52,5278,0,0,0,0,0,0,0,0
306,5280,201,129,120,126,23,3,58,2
307,5281,1,0,0,0,1,0,1,0
86,5282,50,1,0,0,0,0,0,0
87,5286,2,0,0,0,0,0,0,0
88,5291,0,0,0,0,0,0,0,0
95,5295,0,0,0,0,0,0,0,0
96,5299,57,1,0,0,0,0,0,0
97,5303,2,0,0,0,0,0,0,0
259,5305,126,255,80,32,58,255,0,0
98,5307,0,0,0,0,0,0,0,0
351,5311,0,0,0,0,48,1,82,2
260,5317,254,255,5,0,2,0,0,0
261,5327,188,1,0,0,0,0,0,0
259,5357,129,255,71,32,59,255,0,0
0,5365,0,0,0,0,0,0,0,0
260,5368,251,255,5,0,1,0,0,0
75,5369,0,0,0,0,0,0,0,0
76,5372,0,0,0,0,1,0,10,0
77,5377,211,36,0,0,0,0,5,0
78,5381,0,0,0,0,0,0,0,0
261,5383,179,1,0,0,0,0,0,0
79,5385,0,0,0,0,0,0,0,0
81,5389,0,0,0,0,0,0,0,0
52,5393,0,0,0,0,0,0,0,0
86,5397,50,1,0,0,0,0,0,0
87,5401,2,0,0,0,0,0,0,0
88,5405,0,0,0,0,0,0,0,0
95,5408,0,0,0,0,0,0,0,0
96,5412,57,1,0,0,0,0,0,0
97,5416,2,0,0,0,0,0,0,0
98,5421,0,0,0,0,0,0,0,0
259,5423,130,255,67,32,71,255,0,0
351,5425,0,0,0,0,44,1,76,2
260,5433,251,255,6,0,0,0,0,0
261,5443,171,1,0,0,0,0,0,0
259,5473,120,255,78,32,69,255,0,0
0,5479,0,0,0,0,0,0,0,0
75,5483,0,0,0,0,0,0,0,0
260,5486,252,255,7,0,1,0,0,0
76,5487,0,0,0,0,1,0,10,0
300,5490,73,129,170,129,169,129,123,129
77,5492,211,36,0,0,0,0,5,0
301,5494,41,128,19,128,56,128,214,126
78,5496,0,0,0,0,0,0,0,0
79,5499,0,0,0,0,0,0,0,0
302,5500,161,129,173,129,180,129,215,128
81,5502,0,0,0,0,0,0,0,0
303,5505,51,128,73,128,57,128,52,128
52,5509,0,0,0,0,0,0,0,0
304,5511,133,128,121,128,131,128,107,128
86,5514,50,1,0,0,0,0,0,0
87,5516,2,0,0,0,0,0,0,0
305,5518,183,129,202,129,196,129,176,129
88,5522,0,0,0,0,0,0,0,0
261,5524,173,1,0,0,0,0,0,0
95,5526,0,0,0,0,0,0,0,0
96,5528,57,1,0,0,0,0,0,0
97,5531,2,0,0,0,0,0,0,0
98,5535,0,0,0,0,0,0,0,0
351,5539,0,0,0,0,38,1,96,2
259,5558,132,255,73,32,64,255,0,0
260,5567,253,255,7,0,1,0,0,0
261,5577,185,1,0,0,0,0,0,0
0,5594,0,0,0,0,0,0,0,0
75,5598,0,0,0,0,0,0,0,0
76,5601,0,0,0,0,1,0,10,0
77,5605,211,36,0,0,0,0,5,0
78,5609,0,0,0,0,0,0,0,0
259,5611,127,255,72,32,64,255,0,0
79,5613,0,0,0,0,0,0,0,0
81,5617,0,0,0,0,0,0,0,0
52,5621,0,0,0,0,0,0,0,0
260,5624,253,255,6,0,0,0,0,0
86,5626,50,1,0,0,0,0,0,0
87,5629,2,0,0,0,0,0,0,0
88,5634,0,0,0,0,0,0,0,0
95,5638,0,0,0,0,0,0,0,0
261,5640,169,1,0,0,0,0,0,0
96,5641,57,1,0,0,0,0,0,0
97,5645,2,0,0,0,0,0,0,0
98,5649,0,0,0,0,0,0,0,0
351,5653,0,0,0,0,48,1,80,2
259,5672,124,255,74,32,60,255,0,0
260,5683,251,255,6,0,1,0,0,0
261,5693,184,1,0,0,0,0,0,0
0,5707,0,0,0,0,0,0,0,0
75,5711,0,0,0,0,0,0,0,0
76,5715,0,0,0,0,1,0,10,0
77,5720,211,36,0,0,0,0,5,0
78,5724,0,0,0,0,0,0,0,0
79,5728,0,0,0,0,0,0,0,0
259,5730,135,255,74,32,69,255,0,0
81,5732,0,0,0,0,0,0,0,0
52,5735,0,0,0,0,0,0,0,0
306,5737,202,129,214,126,23,3,58,2
307,5739,1,0,0,0,1,0,1,0
86,5740,50,1,0,0,0,0,0,0
87,5743,2,0,0,0,0,0,0,0
260,5747,253,255,5,0,1,0,0,0
88,5748,0,0,0,0,0,0,0,0
95,5751,0,0,0,0,0,0,0,0
96,5755,57,1,0,0,0,0,0,0
97,5760,2,0,0,0,0,0,0,0
261,5762,183,1,0,0,0,0,0,0
98,5764,0,0,0,0,0,0,0,0
351,5768,0,0,0,0,48,1,78,2
259,5793,121,255,76,32,69,255,0,0
260,5803,252,255,5,0,1,0,0,0
261,5813,177,1,0,0,0,0,0,0
0,5822,0,0,0,0,0,0,0,0
75,5825,0,0,0,0,0,0,0,0
76,5829,0,0,0,0,1,0,10,0
77,5833,211,36,0,0,0,0,5,0
78,5837,0,0,0,0,0,0,0,0
79,5841,0,0,0,0,0,0,0,0
81,5846,0,0,0,0,0,0,0,0
52,5850,0,0,0,0,0,0,0,0
259,5852,126,255,72,32,76,255,0,0
86,5854,50,1,0,0,0,0,0,0
87,5858,2,0,0,0,0,0,0,0
88,5862,0,0,0,0,0,0,0,0
260,5864,252,255,7,0,0,0,0,0
95,5866,0,0,0,0,0,0,0,0
96,5870,57,1,0,0,0,0,0,0
97,5873,2,0,0,0,0,0,0,0
261,5877,181,1,0,0,0,0,0,0
98,5878,0,0,0,0,0,0,0,0
351,5881,0,0,0,0,44,1,80,2
259,5909,131,255,72,32,66,255,0,0
260,5919,252,255,5,0,0,0,0,0
261,5929,181,1,0,0,0,0,0,0
0,5936,0,0,0,0,0,0,0,0
75,5940,0,0,0,0,0,0,0,0
76,5944,0,0,0,0,1,0,10,0
300,5947,67,129,169,129,169,129,114,129
77,5949,211,36,0,0,0,0,5,0
301,5952,34,128,18,128,56,128,120,126
78,5953,0,0,0,0,0,0,0,0
79,5956,0,0,0,0,0,0,0,0
302,5957,157,129,173,129,180,129,200,128
81,5960,0,0,0,0,0,0,0,0
303,5961,49,128,74,128,56,128,52,128
52,5964,0,0,0,0,0,0,0,0
304,5966,132,128,121,128,131,128,107,128
86,5970,50,1,0,0,0,0,0,0
87,5972,2,0,0,0,0,0,0,0
305,5975,179,129,201,129,196,129,176,129
88,5978,0,0,0,0,0,0,0,0
95,5980,0,0,0,0,0,0,0,0
96,5984,57,1,0,0,0,0,0,0
97,5988,2,0,0,0,0,0,0,0
259,5990,126,255,72,32,65,255,0,0
98,5992,0,0,0,0,0,0,0,0
351,5996,0,0,0,0,48,1,82,2
260,6002,253,255,5,0,0,0,0,0
261,6012,184,1,0,0,0,0,0,0
259,6042,128,255,69,32,68,255,0,0
0,6050,0,0,0,0,0,0,0,0
260,6053,252,255,5,0,2,0,0,0
75,6054,0,0,0,0,0,0,0,0
76,6059,0,0,0,0,1,0,10,0
77,6062,211,36,0,0,0,0,5,0
78,6066,0,0,0,0,0,0,0,0
261,6069,184,1,0,0,0,0,0,0
79,6070,0,0,0,0,0,0,0,0
81,6074,0,0,0,0,0,0,0,0
52,6078,0,0,0,0,0,0,0,0
86,6082,50,1,0,0,0,0,0,0
87,6086,2,0,0,0,0,0,0,0
88,6090,0,0,0,0,0,0,0,0
95,6094,0,0,0,0,0,0,0,0
96,6098,57,1,0,0,0,0,0,0
97,6103,2,0,0,0,0,0,0,0
98,6106,0,0,0,0,0,0,0,0
259,6109,123,255,80,32,62,255,0,0
351,6110,0,0,0,0,36,1,98,2
260,6119,252,255,5,0,1,0,0,0
261,6128,190,1,0,0,0,0,0,0
259,6159,134,255,78,32,64,255,0,0
0,6165,0,0,0,0,0,0,0,0
75,6168,0,0,0,0,0,0,0,0
260,6171,253,255,5,0,1,0,0,0
76,6172,0,0,0,0,1,0,10,0
77,6176,211,36,0,0,0,0,5,0
78,6180,0,0,0,0,0,0,0,0
261,6183,186,1,0,0,0,0,0,0
79,6184,0,0,0,0,0,0,0,0
81,6189,0,0,0,0,0,0,0,0
52,6193,0,0,0,0,0,0,0,0
306,6194,201,129,120,126,23,3,58,2
307,6196,1,0,0,0,1,0,1,0
86,6197,50,1,0,0,0,0,0,0
87,6200,2,0,0,0,0,0,0,0
88,6204,0,0,0,0,0,0,0,0
95,6208,0,0,0,0,0,0,0,0
96,6212,57,1,0,0,0,0,0,0
97,6216,2,0,0,0,0,0,0,0
98,6220,0,0,0,0,0,0,0,0
351,6224,0,0,0,0,48,1,80,2
259,6227,126,255,74,32,60,255,0,0
260,6238,253,255,6,0,1,0,0,0
261,6248,183,1,0,0,0,0,0,0
259,6278,128,255,75,32,66,255,0,0
0,6280,0,0,0,0,0,0,0,0
75,6283,0,0,0,0,0,0,0,0
76,6287,0,0,0,0,1,0,10,0
77,6290,211,36,0,0,0,0,5,0
260,6293,253,255,6,0,0,0,0,0
78,6294,0,0,0,0,0,0,0,0
79,6299,0,0,0,0,0,0,0,0
81,6302,0,0,0,0,0,0,0,0
261,6306,184,1,0,0,0,0,0,0
52,6307,0,0,0,0,0,0,0,0
86,6310,50,1,0,0,0,0,0,0
87,6315,2,0,0,0,0,0,0,0
88,6319,0,0,0,0,0,0,0,0
95,6323,0,0,0,0,0,0,0,0
96,6327,57,1,0,0,0,0,0,0
97,6331,2,0,0,0,0,0,0,0
98,6335,0,0,0,0,0,0,0,0
351,6338,0,0,0,0,46,1,86,2
259,6345,130,255,74,32,62,255,0,0
260,6355,253,255,6,0,1,0,0,0
261,6365,187,1,0,0,0,0,0,0
0,6393,0,0,0,0,0,0,0,0
259,6395,132,255,74,32,63,255,0,0
75,6396,0,0,0,0,0,0,0,0
76,6401,0,0,0,0,1,0,10,0
300,6405,73,129,170,129,169,129,124,129
77,6406,211,36,0,0,0,0,5,0
301,6409,41,128,19,128,56,128,214,126
78,6411,0,0,0,0,0,0,0,0
79,6413,0,0,0,0,0,0,0,0
302,6414,160,129,172,129,181,129,216,128
81,6417,0,0,0,0,0,0,0,0
303,6418,50,128,73,128,56,128,51,128
260,6421,252,255,5,0,2,0,0,0
52,6424,0,0,0,0,0,0,0,0
86,6426,50,1,0,0,0,0,0,0
305,6428,180,129,201,129,195,129,176,129
87,6432,2,0,0,0,0,0,0,0
88,6434,0,0,0,0,0,0,0,0
95,6436,0,0,0,0,0,0,0,0
96,6440,57,1,0,0,0,0,0,0
97,6445,2,0,0,0,0,0,0,0
261,6447,183,1,0,0,0,0,0,0
98,6449,0,0,0,0,0,0,0,0
351,6453,0,0,0,0,42,1,78,2
259,6478,130,255,78,32,66,255,0,0
260,6489,251,255,7,0,0,0,0,0
261,6498,198,1,0,0,0,0,0,0
0,6507,0,0,0,0,0,0,0,0
75,6511,0,0,0,0,0,0,0,0
76,6515,0,0,0,0,1,0,10,0
77,6519,211,36,0,0,0,0,5,0
78,6522,0,0,0,0,0,0,0,0
79,6526,0,0,0,0,0,0,0,0
81,6531,0,0,0,0,0,0,0,0
52,6535,0,0,0,0,0,0,0,0
259,6538,127,255,76,32,70,255,0,0
86,6539,50,1,0,0,0,0,0,0
87,6543,2,0,0,0,0,0,0,0
88,6547,0,0,0,0,0,0,0,0
260,6550,251,255,6,0,0,0,0,0
95,6552,0,0,0,0,0,0,0,0
96,6555,57,1,0,0,0,0,0,0
97,6559,2,0,0,0,0,0,0,0
98,6563,0,0,0,0,0,0,0,0
261,6565,177,1,0,0,0,0,0,0
351,6567,0,0,0,0,46,1,90,2
259,6595,122,255,72,32,73,255,0,0
260,6605,254,255,6,0,1,0,0,0
261,6616,182,1,0,0,0,0,0,0
0,6622,0,0,0,0,0,0,0,0
75,6625,0,0,0,0,0,0,0,0
76,6629,0,0,0,0,1,0,10,0
77,6633,211,36,0,0,0,0,5,0
78,6637,0,0,0,0,0,0,0,0
79,6641,0,0,0,0,0,0,0,0
81,6645,0,0,0,0,0,0,0,0
52,6649,0,0,0,0,0,0,0,0
306,6650,201,129,214,126,23,3,58,2
307,6652,1,0,0,0,1,0,1,0
86,6653,50,1,0,0,0,0,0,0
259,6656,141,255,70,32,68,255,0,0
87,6658,2,0,0,0,0,0,0,0
88,6662,0,0,0,0,0,0,0,0
95,6665,0,0,0,0,0,0,0,0
96,6669,57,1,0,0,0,0,0,0
260,6671,253,255,7,0,0,0,0,0
97,6673,2,0,0,0,0,0,0,0
98,6677,0,0,0,0,0,0,0,0
351,6681,0,0,0,0,46,1,78,2
261,6683,176,1,0,0,0,0,0,0
259,6714,124,255,77,32,54,255,0,0
260,6724,254,255,5,0,1,0,0,0
261,6733,171,1,0,0,0,0,0,0
0,6735,0,0,0,0,0,0,0,0
75,6739,0,0,0,0,0,0,0,0
76,6744,0,0,0,0,1,0,10,0
77,6748,211,36,0,0,0,0,5,0
78,6752,0,0,0,0,0,0,0,0
79,6755,0,0,0,0,0,0,0,0
81,6759,0,0,0,0,0,0,0,0
52,6763,0,0,0,0,0,0,0,0
86,6767,50,1,0,0,0,0,0,0
87,6771,2,0,0,0,0,0,0,0
259,6774,128,255,78,32,63,255,0,0
88,6775,0,0,0,0,0,0,0,0
95,6779,0,0,0,0,0,0,0,0
96,6784,57,1,0,0,0,0,0,0
260,6787,250,255,4,0,0,0,0,0
97,6789,2,0,0,0,0,0,0,0
98,6792,0,0,0,0,0,0,0,0
351,6796,0,0,0,0,38,1,82,2
261,6800,175,1,0,0,0,0,0,0
259,6830,126,255,78,32,65,255,0,0
260,6840,251,255,4,0,1,0,0,0
261,6850,181,1,0,0,0,0,0,0
0,6851,0,0,0,0,0,0,0,0
75,6853,0,0,0,0,0,0,0,0
76,6857,0,0,0,0,1,0,10,0
300,6861,67,129,169,129,169,129,114,129
77,6863,211,36,0,0,0,0,5,0
301,6865,34,128,19,128,55,128,120,126
78,6867,0,0,0,0,0,0,0,0
79,6870,0,0,0,0,0,0,0,0
302,6871,158,129,174,129,180,129,201,128
81,6874,0,0,0,0,0,0,0,0
303,6875,49,128,73,128,57,128,52,128
52,6879,0,0,0,0,0,0,0,0
304,6881,131,128,120,128,131,128,107,128
86,6884,50,1,0,0,0,0,0,0
87,6886,2,0,0,0,0,0,0,0
305,6888,179,129,201,129,195,129,176,129
88,6892,0,0,0,0,0,0,0,0
95,6894,0,0,0,0,0,0,0,0
96,6897,57,1,0,0,0,0,0,0
97,6901,2,0,0,0,0,0,0,0
98,6905,0,0,0,0,0,0,0,0
351,6909,0,0,0,0,46,1,84,2
259,6915,133,255,63,32,62,255,0,0
260,6925,252,255,6,0,1,0,0,0
261,6935,179,1,0,0,0,0,0,0
0,6964,0,0,0,0,0,0,0,0
259,6966,130,255,69,32,58,255,0,0
75,6968,0,0,0,0,0,0,0,0
76,6972,0,0,0,0,1,0,10,0
77,6976,211,36,0,0,0,0,5,0
260,6979,253,255,7,0,1,0,0,0
78,6980,0,0,0,0,0,0,0,0
79,6984,0,0,0,0,0,0,0,0
81,6987,0,0,0,0,0,0,0,0
52,6991,0,0,0,0,0,0,0,0
261,6993,184,1,0,0,0,0,0,0
86,6995,50,1,0,0,0,0,0,0
87,7001,2,0,0,0,0,0,0,0
88,7004,0,0,0,0,0,0,0,0
95,7008,0,0,0,0,0,0,0,0
96,7012,57,1,0,0,0,0,0,0
97,7016,2,0,0,0,0,0,0,0
98,7020,0,0,0,0,0,0,0,0
351,7024,0,0,0,0,68,1,82,2
259,7030,127,255,72,32,67,255,0,0
260,7041,250,255,6,0,1,0,0,0
261,7051,179,1,0,0,0,0,0,0
0,7078,0,0,0,0,0,0,0,0
259,7080,128,255,71,32,57,255,0,0
75,7081,0,0,0,0,0,0,0,0
76,7086,0,0,0,0,1,0,10,0
77,7090,211,36,0,0,0,0,5,0
78,7094,0,0,0,0,0,0,0,0
260,7096,253,255,5,0,2,0,0,0
79,7098,0,0,0,0,0,0,0,0
81,7102,0,0,0,0,0,0,0,0
52,7106,0,0,0,0,0,0,0,0
306,7108,201,129,120,126,23,3,58,2
307,7109,1,0,0,0,1,0,1,0
86,7110,50,1,0,0,0,0,0,0
87,7114,2,0,0,0,0,0,0,0
261,7116,177,1,0,0,0,0,0,0
88,7118,0,0,0,0,0,0,0,0
95,7122,0,0,0,0,0,0,0,0
96,7127,57,1,0,0,0,0,0,0
97,7130,2,0,0,0,0,0,0,0
98,7134,0,0,0,0,0,0,0,0
351,7138,0,0,0,0,30,1,78,2
259,7152,119,255,68,32,73,255,0,0
260,7162,252,255,5,0,0,0,0,0
261,7173,181,1,0,0,0,0,0,0
0,7192,0,0,0,0,0,0,0,0
75,7196,0,0,0,0,0,0,0,0
76,7200,0,0,0,0,1,0,10,0
77,7204,211,36,0,0,0,0,5,0
259,7206,128,255,70,32,60,255,0,0
78,7208,0,0,0,0,0,0,0,0
79,7213,0,0,0,0,0,0,0,0
81,7217,0,0,0,0,0,0,0,0
260,7219,253,255,6,0,1,0,0,0
52,7221,0,0,0,0,0,0,0,0
86,7224,50,1,0,0,0,0,0,0
87,7228,2,0,0,0,0,0,0,0
261,7232,171,1,0,0,0,0,0,0
88,7233,0,0,0,0,0,0,0,0
95,7236,0,0,0,0,0,0,0,0
96,7240,57,1,0,0,0,0,0,0
97,7244,2,0,0,0,0,0,0,0
98,7248,0,0,0,0,0,0,0,0
351,7252,0,0,0,0,44,1,82,2
259,7268,126,255,81,32,62,255,0,0
260,7278,252,255,6,0,1,0,0,0
261,7287,176,1,0,0,0,0,0,0
0,7307,0,0,0,0,0,0,0,0
75,7311,0,0,0,0,0,0,0,0
76,7314,0,0,0,0,1,0,10,0
300,7318,68,129,169,129,169,129,114,129
77,7320,211,36,0,0,0,0,5,0
301,7322,34,128,18,128,56,128,120,126
78,7324,0,0,0,0,0,0,0,0
79,7326,0,0,0,0,0,0,0,0
302,7327,158,129,173,129,180,129,200,128
81,7330,0,0,0,0,0,0,0,0
303,7332,49,128,73,128,57,128,52,128
259,7335,138,255,68,32,62,255,0,0
304,7339,131,128,121,128,131,128,108,128
86,7342,50,1,0,0,0,0,0,0
87,7344,2,0,0,0,0,0,0,0
52,7346,0,0,0,0,0,0,0,0
88,7348,0,0,0,0,0,0,0,0
95,7351,0,0,0,0,0,0,0,0
96,7355,57,1,0,0,0,0,0,0
260,7358,252,255,6,0,1,0,0,0
97,7359,2,0,0,0,0,0,0,0
98,7362,0,0,0,0,0,0,0,0
351,7366,0,0,0,0,42,1,78,2
261,7371,181,1,0,0,0,0,0,0
259,7401,123,255,74,32,60,255,0,0
260,7411,253,255,7,0,1,0,0,0
0,7421,0,0,0,0,0,0,0,0
261,7422,184,1,0,0,0,0,0,0
75,7425,0,0,0,0,0,0,0,0
76,7429,0,0,0,0,1,0,10,0
77,7433,211,36,0,0,0,0,5,0
78,7437,0,0,0,0,0,0,0,0
79,7441,0,0,0,0,0,0,0,0
81,7445,0,0,0,0,0,0,0,0
52,7449,0,0,0,0,0,0,0,0
86,7452,50,1,0,0,0,0,0,0
87,7456,2,0,0,0,0,0,0,0
259,7460,131,255,76,32,62,255,0,0
88,7461,0,0,0,0,0,0,0,0
95,7464,0,0,0,0,0,0,0,0
96,7469,57,1,0,0,0,0,0,0
97,7473,2,0,0,0,0,0,0,0
260,7475,252,255,4,0,3,0,0,0
98,7477,0,0,0,0,0,0,0,0
351,7481,0,0,0,0,44,1,76,2
261,7486,168,1,0,0,0,0,0,0
259,7517,134,255,75,32,66,255,0,0
260,7526,251,255,5,0,1,0,0,0
0,7535,0,0,0,0,0,0,0,0
261,7537,188,1,0,0,0,0,0,0
75,7539,0,0,0,0,0,0,0,0
76,7543,0,0,0,0,1,0,10,0
77,7546,211,36,0,0,0,0,5,0
78,7552,0,0,0,0,0,0,0,0
79,7555,0,0,0,0,0,0,0,0
81,7559,0,0,0,0,0,0,0,0
52,7563,0,0,0,0,0,0,0,0
306,7565,201,129,120,126,23,3,58,2
307,7567,1,0,0,0,1,0,1,0
86,7568,50,1,0,0,0,0,0,0
87,7571,2,0,0,0,0,0,0,0
88,7575,0,0,0,0,0,0,0,0
95,7579,0,0,0,0,0,0,0,0
259,7581,128,255,74,32,62,255,0,0
96,7583,57,1,0,0,0,0,0,0
97,7587,2,0,0,0,0,0,0,0
98,7591,0,0,0,0,0,0,0,0
260,7595,251,255,6,0,0,0,0,0
351,7596,0,0,0,0,44,1,88,2
261,7606,181,1,0,0,0,0,0,0
259,7635,134,255,73,32,64,255,0,0
260,7646,253,255,6,0,1,0,0,0
0,7650,0,0,0,0,0,0,0,0
75,7653,0,0,0,0,0,0,0,0
261,7657,177,1,0,0,0,0,0,0
76,7658,0,0,0,0,1,0,10,0
77,7661,211,36,0,0,0,0,5,0
78,7665,0,0,0,0,0,0,0,0
79,7669,0,0,0,0,0,0,0,0
81,7673,0,0,0,0,0,0,0,0
52,7677,0,0,0,0,0,0,0,0
86,7682,50,1,0,0,0,0,0,0
87,7685,2,0,0,0,0,0,0,0
88,7689,0,0,0,0,0,0,0,0
95,7693,0,0,0,0,0,0,0,0
259,7697,128,255,76,32,62,255,0,0
96,7698,57,1,0,0,0,0,0,0
97,7701,2,0,0,0,0,0,0,0
98,7705,0,0,0,0,0,0,0,0
260,7708,253,255,7,0,1,0,0,0
351,7710,0,0,0,0,40,1,78,2
261,7719,171,1,0,0,0,0,0,0
259,7750,135,255,74,32,70,255,0,0
260,7759,253,255,5,0,1,0,0,0
0,7763,0,0,0,0,0,0,0,0
75,7768,0,0,0,0,0,0,0,0
261,7771,175,1,0,0,0,0,0,0
76,7772,0,0,0,0,1,0,10,0
300,7775,68,129,169,129,169,129,114,129
77,7777,211,36,0,0,0,0,5,0
78,7779,0,0,0,0,0,0,0,0
301,7781,34,128,19,128,56,128,120,126
79,7783,0,0,0,0,0,0,0,0
302,7784,158,129,172,129,180,129,200,128
81,7787,0,0,0,0,0,0,0,0
303,7789,48,128,72,128,56,128,51,128
52,7792,0,0,0,0,0,0,0,0
304,7794,132,128,121,128,131,128,107,128
86,7798,50,1,0,0,0,0,0,0
87,7800,2,0,0,0,0,0,0,0
305,7802,180,129,202,129,196,129,177,129
88,7806,0,0,0,0,0,0,0,0
95,7809,0,0,0,0,0,0,0,0
96,7812,57,1,0,0,0,0,0,0
97,7816,2,0,0,0,0,0,0,0
98,7820,0,0,0,0,0,0,0,0
351,7824,0,0,0,0,42,1,78,2
259,7833,132,255,82,32,68,255,0,0
260,7843,253,255,5,0,1,0,0,0
261,7853,184,1,0,0,0,0,0,0
0,7878,0,0,0,0,0,0,0,0
75,7881,0,0,0,0,0,0,0,0
259,7885,129,255,81,32,62,255,0,0
76,7886,0,0,0,0,1,0,10,0
77,7889,211,36,0,0,0,0,5,0
78,7894,0,0,0,0,0,0,0,0
79,7898,0,0,0,0,0,0,0,0
260,7900,252,255,5,0,2,0,0,0
81,7902,0,0,0,0,0,0,0,0
52,7906,0,0,0,0,0,0,0,0
86,7910,50,1,0,0,0,0,0,0
261,7912,181,1,0,0,0,0,0,0
87,7914,2,0,0,0,0,0,0,0
88,7917,0,0,0,0,0,0,0,0
95,7921,0,0,0,0,0,0,0,0
96,7925,57,1,0,0,0,0,0,0
97,7929,2,0,0,0,0,0,0,0
98,7933,0,0,0,0,0,0,0,0
351,7938,0,0,0,0,46,1,88,2
259,7948,129,255,72,32,63,255,0,0
260,7958,252,255,6,0,1,0,0,0
261,7968,171,1,0,0,0,0,0,0
0,7992,0,0,0,0,0,0,0,0
75,7996,0,0,0,0,0,0,0,0
259,7999,130,255,79,32,53,255,0,0
76,8001,0,0,0,0,1,0,10,0
77,8004,211,36,0,0,0,0,5,0
78,8008,0,0,0,0,0,0,0,0
79,8012,0,0,0,0,0,0,0,0
260,8014,253,255,7,0,1,0,0,0
81,8015,0,0,0,0,0,0,0,0
52,8019,0,0,0,0,0,0,0,0
306,8022,202,129,120,126,23,3,58,2
307,8024,1,0,0,0,1,0,1,0
86,8025,50,1,0,0,0,0,0,0
87,8028,2,0,0,0,0,0,0,0
88,8032,0,0,0,0,0,0,0,0
261,8034,183,1,0,0,0,0,0,0
95,8036,0,0,0,0,0,0,0,0
96,8040,57,1,0,0,0,0,0,0
97,8044,2,0,0,0,0,0,0,0
98,8048,0,0,0,0,0,0,0,0
351,8052,0,0,0,0,42,1,84,2
259,8068,132,255,78,32,65,255,0,0
260,8078,253,255,4,0,1,0,0,0
261,8087,177,1,0,0,0,0,0,0
0,8107,0,0,0,0,0,0,0,0
75,8110,0,0,0,0,0,0,0,0
76,8114,0,0,0,0,1,0,10,0
77,8118,211,36,0,0,0,0,5,0
259,8121,122,255,75,32,62,255,0,0
78,8122,0,0,0,0,0,0,0,0
79,8126,0,0,0,0,0,0,0,0
81,8130,0,0,0,0,0,0,0,0
260,8133,254,255,6,0,0,0,0,0
52,8135,0,0,0,0,0,0,0,0
86,8138,50,1,0,0,0,0,0,0
87,8142,2,0,0,0,0,0,0,0
88,8146,0,0,0,0,0,0,0,0
261,8148,183,1,0,0,0,0,0,0
95,8151,0,0,0,0,0,0,0,0
96,8154,57,1,0,0,0,0,0,0
97,8158,2,0,0,0,0,0,0,0
98,8162,0,0,0,0,0,0,0,0
351,8166,0,0,0,0,40,1,78,2
259,8182,119,255,71,32,68,255,0,0
260,8193,250,255,4,0,1,0,0,0
261,8203,171,1,0,0,0,0,0,0
0,8220,0,0,0,0,0,0,0,0
75,8224,0,0,0,0,0,0,0,0
76,8228,0,0,0,0,1,0,10,0
300,8231,68,129,170,129,170,129,114,129
77,8233,211,36,0,0,0,0,5,0
78,8237,0,0,0,0,0,0,0,0
301,8238,34,128,19,128,56,128,120,126
79,8241,0,0,0,0,0,0,0,0
302,8242,157,129,173,129,179,129,199,128
81,8244,0,0,0,0,0,0,0,0
303,8246,49,128,73,128,57,128,52,128
52,8249,0,0,0,0,0,0,0,0
304,8251,132,128,121,128,131,128,107,128
259,8255,130,255,74,32,64,255,0,0
87,8258,2,0,0,0,0,0,0,0
86,8260,50,1,0,0,0,0,0,0
88,8262,0,0,0,0,0,0,0,0
95,8264,0,0,0,0,0,0,0,0
96,8268,57,1,0,0,0,0,0,0
260,8270,252,255,5,0,1,0,0,0
97,8272,2,0,0,0,0,0,0,0
98,8276,0,0,0,0,0,0,0,0
351,8281,0,0,0,0,44,1,86,2
261,8283,186,1,0,0,0,0,0,0
259,8312,130,255,76,32,72,255,0,0
260,8323,254,255,6,0,2,0,0,0
261,8333,198,1,0,0,0,0,0,0
0,8335,0,0,0,0,0,0,0,0
75,8338,0,0,0,0,0,0,0,0
76,8342,0,0,0,0,1,0,10,0
77,8346,211,36,0,0,0,0,5,0
78,8350,0,0,0,0,0,0,0,0
79,8354,0,0,0,0,0,0,0,0
81,8358,0,0,0,0,0,0,0,0
52,8363,0,0,0,0,0,0,0,0
86,8367,50,1,0,0,0,0,0,0
87,8371,2,0,0,0,0,0,0,0
259,8373,129,255,71,32,64,255,0,0
88,8375,0,0,0,0,0,0,0,0
95,8379,0,0,0,0,0,0,0,0
96,8383,57,1,0,0,0,0,0,0
260,8385,253,255,6,0,2,0,0,0
97,8386,2,0,0,0,0,0,0,0
98,8390,0,0,0,0,0,0,0,0
351,8394,0,0,0,0,48,1,84,2
261,8398,175,1,0,0,0,0,0,0
259,8428,134,255,79,32,67,255,0,0
260,8438,253,255,5,0,1,0,0,0
261,8449,176,1,0,0,0,0,0,0
0,8450,0,0,0,0,0,0,0,0
75,8453,0,0,0,0,0,0,0,0
76,8457,0,0,0,0,1,0,10,0
77,8461,211,36,0,0,0,0,5,0
78,8465,0,0,0,0,0,0,0,0
79,8469,0,0,0,0,0,0,0,0
81,8473,0,0,0,0,0,0,0,0
52,8476,0,0,0,0,0,0,0,0
306,8478,201,129,120,126,23,3,58,2
307,8480,1,0,0,0,1,0,1,0
86,8481,50,1,0,0,0,0,0,0
87,8484,2,0,0,0,0,0,0,0
88,8488,0,0,0,0,0,0,0,0
95,8493,0,0,0,0,0,0,0,0
259,8496,134,255,76,32,63,255,0,0
96,8497,57,1,0,0,0,0,0,0
97,8501,2,0,0,0,0,0,0,0
98,8505,0,0,0,0,0,0,0,0
260,8508,254,255,5,0,2,0,0,0
351,8510,0,0,0,0,56,1,80,2
261,8519,176,1,0,0,0,0,0,0
259,8549,133,255,75,32,68,255,0,0
260,8559,253,255,4,0,1,0,0,0
0,8563,0,0,0,0,0,0,0,0
75,8567,0,0,0,0,0,0,0,0
76,8570,0,0,0,0,1,0,10,0
261,8572,184,1,0,0,0,0,0,0
77,8574,211,36,0,0,0,0,5,0
78,8579,0,0,0,0,0,0,0,0
79,8583,0,0,0,0,0,0,0,0
81,8587,0,0,0,0,0,0,0,0
52,8591,0,0,0,0,0,0,0,0
86,8595,50,1,0,0,0,0,0,0
87,8599,2,0,0,0,0,0,0,0
88,8603,0,0,0,0,0,0,0,0
95,8607,0,0,0,0,0,0,0,0
259,8610,128,255,73,32,68,255,0,0
96,8612,57,1,0,0,0,0,0,0
97,8615,2,0,0,0,0,0,0,0
98,8619,0,0,0,0,0,0,0,0
351,8623,0,0,0,0,46,1,96,2
260,8625,253,255,6,0,0,0,0,0
261,8635,169,1,0,0,0,0,0,0
259,8665,128,255,68,32,74,255,0,0
260,8675,253,255,5,0,1,0,0,0
0,8678,0,0,0,0,0,0,0,0
75,8681,0,0,0,0,0,0,0,0
76,8685,0,0,0,0,1,0,10,0
261,8687,171,1,0,0,0,0,0,0
77,8689,211,36,0,0,0,0,5,0
300,8690,73,129,169,129,170,129,124,129
78,8693,0,0,0,0,0,0,0,0
301,8694,41,128,20,128,56,128,214,126
79,8697,0,0,0,0,0,0,0,0
302,8698,161,129,173,129,180,129,215,128
81,8701,0,0,0,0,0,0,0,0
303,8704,51,128,73,128,56,128,51,128
52,8707,0,0,0,0,0,0,0,0
304,8709,133,128,121,128,131,128,107,128
86,8713,50,1,0,0,0,0,0,0
87,8715,2,0,0,0,0,0,0,0
305,8717,181,129,201,129,196,129,176,129
88,8720,0,0,0,0,0,0,0,0
95,8723,0,0,0,0,0,0,0,0
96,8725,57,1,0,0,0,0,0,0
97,8729,2,0,0,0,0,0,0,0
98,8733,0,0,0,0,0,0,0,0
351,8737,0,0,0,0,38,1,78,2
259,8748,124,255,71,32,62,255,0,0
260,8758,251,255,6,0,0,0,0,0
261,8768,185,1,0,0,0,0,0,0
0,8792,0,0,0,0,0,0,0,0
75,8796,0,0,0,0,0,0,0,0
259,8799,125,255,72,32,65,255,0,0
76,8801,0,0,0,0,1,0,10,0
77,8804,211,36,0,0,0,0,5,0
78,8807,0,0,0,0,0,0,0,0
260,8811,253,255,5,0,1,0,0,0
79,8812,0,0,0,0,0,0,0,0
81,8815,0,0,0,0,0,0,0,0
52,8819,0,0,0,0,0,0,0,0
86,8823,50,1,0,0,0,0,0,0
261,8825,184,1,0,0,0,0,0,0
87,8827,2,0,0,0,0,0,0,0
88,8832,0,0,0,0,0,0,0,0
95,8836,0,0,0,0,0,0,0,0
96,8840,57,1,0,0,0,0,0,0
97,8844,2,0,0,0,0,0,0,0
98,8847,0,0,0,0,0,0,0,0
351,8851,0,0,0,0,42,1,96,2
259,8862,134,255,72,32,67,255,0,0
260,8871,253,255,6,0,0,0,0,0
261,8882,175,1,0,0,0,0,0,0
0,8906,0,0,0,0,0,0,0,0
75,8909,0,0,0,0,0,0,0,0
259,8913,126,255,74,32,76,255,0,0
76,8914,0,0,0,0,1,0,10,0
77,8918,211,36,0,0,0,0,5,0
78,8922,0,0,0,0,0,0,0,0
79,8926,0,0,0,0,0,0,0,0
260,8928,251,255,5,0,1,0,0,0
81,8930,0,0,0,0,0,0,0,0
52,8934,0,0,0,0,0,0,0,0
306,8935,201,129,214,126,23,3,58,2
307,8937,1,0,0,0,1,0,1,0
86,8938,50,1,0,0,0,0,0,0
87,8941,2,0,0,0,0,0,0,0
261,8945,184,1,0,0,0,0,0,0
88,8946,0,0,0,0,0,0,0,0
95,8949,0,0,0,0,0,0,0,0
96,8953,57,1,0,0,0,0,0,0
97,8957,2,0,0,0,0,0,0,0
98,8962,0,0,0,0,0,0,0,0
351,8966,0,0,0,0,40,1,76,2
259,8979,130,255,77,32,64,255,0,0
260,8989,252,255,5,0,2,0,0,0
261,8999,175,1,0,0,0,0,0,0
0,9020,0,0,0,0,0,0,0,0
75,9024,0,0,0,0,0,0,0,0
76,9028,0,0,0,0,1,0,10,0
259,9031,124,255,74,32,64,255,0,0
77,9033,211,36,0,0,0,0,5,0
78,9035,0,0,0,0,0,0,0,0
79,9039,0,0,0,0,0,0,0,0
81,9043,0,0,0,0,0,0,0,0
260,9046,252,255,8,0,1,0,0,0
52,9048,0,0,0,0,0,0,0,0
86,9052,50,1,0,0,0,0,0,0
87,9056,2,0,0,0,0,0,0,0
261,9058,185,1,0,0,0,0,0,0
88,9060,0,0,0,0,0,0,0,0
95,9064,0,0,0,0,0,0,0,0
96,9068,57,1,0,0,0,0,0,0
97,9072,2,0,0,0,0,0,0,0
98,9076,0,0,0,0,0,0,0,0
351,9079,0,0,0,0,44,1,78,2
259,9095,122,255,69,32,59,255,0,0
260,9104,252,255,5,0,2,0,0,0
261,9114,183,1,0,0,0,0,0,0
0,9135,0,0,0,0,0,0,0,0
75,9138,0,0,0,0,0,0,0,0
76,9142,0,0,0,0,1,0,10,0
77,9146,211,36,0,0,0,0,5,0
300,9147,68,129,170,129,169,129,114,129
259,9150,126,255,76,32,60,255,0,0
78,9151,0,0,0,0,0,0,0,0
301,9152,34,128,19,128,56,128,122,126
79,9155,0,0,0,0,0,0,0,0
302,9157,157,129,172,129,180,129,200,128
81,9160,0,0,0,0,0,0,0,0
52,9163,0,0,0,0,0,0,0,0
304,9165,131,128,121,128,131,128,107,128
86,9168,50,1,0,0,0,0,0,0
87,9170,2,0,0,0,0,0,0,0
303,9172,49,128,74,128,57,128,53,128
88,9176,0,0,0,0,0,0,0,0
95,9179,0,0,0,0,0,0,0,0
96,9182,57,1,0,0,0,0,0,0
260,9185,252,255,6,0,2,0,0,0
97,9186,2,0,0,0,0,0,0,0
98,9190,0,0,0,0,0,0,0,0
351,9194,0,0,0,0,44,1,78,2
261,9197,184,1,0,0,0,0,0,0
259,9228,128,255,75,32,81,255,0,0
260,9238,251,255,5,0,0,0,0,0
261,9247,177,1,0,0,0,0,0,0
0,9249,0,0,0,0,0,0,0,0
75,9252,0,0,0,0,0,0,0,0
76,9256,0,0,0,0,1,0,10,0
77,9261,211,36,0,0,0,0,5,0
78,9265,0,0,0,0,0,0,0,0
79,9268,0,0,0,0,0,0,0,0
81,9272,0,0,0,0,0,0,0,0
52,9276,0,0,0,0,0,0,0,0
86,9280,50,1,0,0,0,0,0,0
87,9284,2,0,0,0,0,0,0,0
259,9287,125,255,76,32,62,255,0,0
88,9288,0,0,0,0,0,0,0,0
95,9292,0,0,0,0,0,0,0,0
96,9296,57,1,0,0,0,0,0,0
260,9299,253,255,5,0,0,0,0,0
97,9302,2,0,0,0,0,0,0,0
98,9305,0,0,0,0,0,0,0,0
351,9309,0,0,0,0,44,1,78,2
261,9312,176,1,0,0,0,0,0,0
259,9341,126,255,77,32,65,255,0,0
260,9352,252,255,4,0,1,0,0,0
261,9362,190,1,0,0,0,0,0,0
0,9363,0,0,0,0,0,0,0,0
75,9366,0,0,0,0,0,0,0,0
76,9370,0,0,0,0,1,0,10,0
77,9374,211,36,0,0,0,0,5,0
78,9378,0,0,0,0,0,0,0,0
79,9382,0,0,0,0,0,0,0,0
81,9387,0,0,0,0,0,0,0,0
52,9391,0,0,0,0,0,0,0,0
306,9392,201,129,122,126,23,3,58,2
307,9394,1,0,0,0,1,0,1,0
86,9395,50,1,0,0,0,0,0,0
87,9399,2,0,0,0,0,0,0,0
88,9403,0,0,0,0,0,0,0,0
259,9405,129,255,70,32,63,255,0,0
95,9407,0,0,0,0,0,0,0,0
96,9410,57,1,0,0,0,0,0,0
97,9414,2,0,0,0,0,0,0,0
260,9418,253,255,5,0,1,0,0,0
98,9419,0,0,0,0,0,0,0,0
351,9422,0,0,0,0,46,1,86,2
261,9430,191,1,0,0,0,0,0,0
259,9460,132,255,72,32,65,255,0,0
260,9470,254,255,6,0,2,0,0,0
0,9477,0,0,0,0,0,0,0,0
261,9480,173,1,0,0,0,0,0,0
75,9482,0,0,0,0,0,0,0,0
76,9485,0,0,0,0,1,0,10,0
77,9489,211,36,0,0,0,0,5,0
78,9493,0,0,0,0,0,0,0,0
79,9497,0,0,0,0,0,0,0,0
81,9500,0,0,0,0,0,0,0,0
52,9505,0,0,0,0,0,0,0,0
86,9508,50,1,0,0,0,0,0,0
87,9512,2,0,0,0,0,0,0,0
88,9517,0,0,0,0,0,0,0,0
259,9520,133,255,80,32,59,255,0,0
95,9521,0,0,0,0,0,0,0,0
96,9525,57,1,0,0,0,0,0,0
97,9529,2,0,0,0,0,0,0,0
260,9532,254,255,8,0,1,0,0,0
98,9534,0,0,0,0,0,0,0,0
351,9537,0,0,0,0,42,1,88,2
261,9544,181,1,0,0,0,0,0,0
259,9574,130,255,72,32,69,255,0,0
260,9584,253,255,4,0,1,0,0,0
0,9591,0,0,0,0,0,0,0,0
261,9594,188,1,0,0,0,0,0,0
75,9595,0,0,0,0,0,0,0,0
76,9598,0,0,0,0,1,0,10,0
300,9603,73,129,170,129,170,129,124,129
77,9605,211,36,0,0,0,0,5,0
301,9607,41,128,19,128,57,128,215,126
78,9609,0,0,0,0,0,0,0,0
79,9611,0,0,0,0,0,0,0,0
302,9612,161,129,173,129,180,129,215,128
81,9615,0,0,0,0,0,0,0,0
303,9616,50,128,73,128,57,128,52,128
52,9620,0,0,0,0,0,0,0,0
304,9622,133,128,121,128,131,128,107,128
86,9625,50,1,0,0,0,0,0,0
87,9627,2,0,0,0,0,0,0,0
305,9629,181,129,202,129,196,129,176,129
88,9633,0,0,0,0,0,0,0,0
95,9635,0,0,0,0,0,0,0,0
96,9638,57,1,0,0,0,0,0,0
97,9643,2,0,0,0,0,0,0,0
98,9647,0,0,0,0,0,0,0,0
351,9651,0,0,0,0,46,1,80,2
259,9657,128,255,76,32,59,255,0,0
260,9666,253,255,6,0,1,0,0,0
261,9676,181,1,0,0,0,0,0,0
0,9706,0,0,0,0,0,0,0,0
259,9708,122,255,72,32,66,255,0,0
75,9709,0,0,0,0,0,0,0,0
76,9713,0,0,0,0,1,0,10,0
77,9717,211,36,0,0,0,0,5,0
260,9720,251,255,7,0,1,0,0,0
78,9722,0,0,0,0,0,0,0,0
79,9725,0,0,0,0,0,0,0,0
81,9730,0,0,0,0,0,0,0,0
52,9733,0,0,0,0,0,0,0,0
261,9735,184,1,0,0,0,0,0,0
86,9737,50,1,0,0,0,0,0,0
87,9741,2,0,0,0,0,0,0,0
88,9745,0,0,0,0,0,0,0,0
95,9749,0,0,0,0,0,0,0,0
96,9753,57,1,0,0,0,0,0,0
97,9757,2,0,0,0,0,0,0,0
98,9761,0,0,0,0,0,0,0,0
351,9765,0,0,0,0,42,1,86,2
259,9773,130,255,76,32,62,255,0,0
260,9783,251,255,5,0,2,0,0,0
261,9793,188,1,0,0,0,0,0,0
0,9820,0,0,0,0,0,0,0,0
259,9823,122,255,68,32,68,255,0,0
75,9825,0,0,0,0,0,0,0,0
76,9827,0,0,0,0,1,0,10,0
77,9831,211,36,0,0,0,0,5,0
78,9835,0,0,0,0,0,0,0,0
260,9837,254,255,5,0,1,0,0,0
79,9839,0,0,0,0,0,0,0,0
81,9843,0,0,0,0,0,0,0,0
52,9847,0,0,0,0,0,0,0,0
306,9849,202,129,215,126,23,3,58,2
307,9850,1,0,0,0,1,0,1,0
86,9851,50,1,0,0,0,0,0,0
87,9856,2,0,0,0,0,0,0,0
261,9858,187,1,0,0,0,0,0,0
88,9860,0,0,0,0,0,0,0,0
95,9864,0,0,0,0,0,0,0,0
96,9868,57,1,0,0,0,0,0,0
97,9871,2,0,0,0,0,0,0,0
98,9875,0,0,0,0,0,0,0,0
351,9879,0,0,0,0,42,1,86,2
259,9893,136,255,84,32,64,255,0,0
260,9903,251,255,5,0,1,0,0,0
261,9913,190,1,0,0,0,0,0,0
0,9934,0,0,0,0,0,0,0,0
75,9937,0,0,0,0,0,0,0,0
76,9942,0,0,0,0,1,0,10,0
259,9945,132,255,69,32,71,255,0,0
77,9947,211,36,0,0,0,0,5,0
78,9950,0,0,0,0,0,0,0,0
79,9954,0,0,0,0,0,0,0,0
81,9958,0,0,0,0,0,0,0,0
260,9960,252,255,6,0,0,0,0,0
52,9962,0,0,0,0,0,0,0,0
86,9965,50,1,0,0,0,0,0,0
87,9969,2,0,0,0,0,0,0,0
261,9972,186,1,0,0,0,0,0,0
88,9973,0,0,0,0,0,0,0,0
95,9977,0,0,0,0,0,0,0,0
96,9981,57,1,0,0,0,0,0,0
97,9986,2,0,0,0,0,0,0,0
98,9990,0,0,0,0,0,0,0,0
351,9994,0,0,0,0,48,1,88,2
259,10008,126,255,65,32,67,255,0,0
260,10018,253,255,6,0,2,0,0,0
261,10029,184,1,0,0,0,0,0,0
0,10048,0,0,0,0,0,0,0,0
75,10052,0,0,0,0,0,0,0,0
76,10056,0,0,0,0,1,0,10,0
259,10059,124,255,69,32,58,255,0,0
300,10061,68,129,170,129,170,129,114,129
77,10062,211,36,0,0,0,0,5,0
78,10064,0,0,0,0,0,0,0,0
301,10065,34,128,19,128,56,128,123,126
79,10068,0,0,0,0,0,0,0,0
302,10071,157,129,173,129,180,129,200,128
81,10075,0,0,0,0,0,0,0,0
52,10077,0,0,0,0,0,0,0,0
303,10079,50,128,74,128,57,128,52,128
86,10083,50,1,0,0,0,0,0,0
87,10085,2,0,0,0,0,0,0,0
305,10087,179,129,201,129,196,129,176,129
88,10090,0,0,0,0,0,0,0,0
95,10093,0,0,0,0,0,0,0,0
96,10096,57,1,0,0,0,0,0,0
260,10098,252,255,7,0,2,0,0,0
97,10100,2,0,0,0,0,0,0,0
98,10104,0,0,0,0,0,0,0,0
351,10107,0,0,0,0,40,1,94,2
261,10110,179,1,0,0,0,0,0,0
259,10140,136,255,71,32,63,255,0,0
260,10150,252,255,6,0,1,0,0,0
261,10161,184,1,0,0,0,0,0,0
0,10163,0,0,0,0,0,0,0,0
75,10166,0,0,0,0,0,0,0,0
76,10170,0,0,0,0,1,0,10,0
77,10174,211,36,0,0,0,0,5,0
78,10178,0,0,0,0,0,0,0,0
79,10182,0,0,0,0,0,0,0,0
81,10186,0,0,0,0,0,0,0,0
52,10190,0,0,0,0,0,0,0,0
86,10194,50,1,0,0,0,0,0,0
87,10198,2,0,0,0,0,0,0,0
259,10200,125,255,76,32,66,255,0,0
88,10202,0,0,0,0,0,0,0,0
95,10207,0,0,0,0,0,0,0,0
96,10210,57,1,0,0,0,0,0,0
260,10212,253,255,5,0,2,0,0,0
97,10214,2,0,0,0,0,0,0,0
98,10218,0,0,0,0,0,0,0,0
351,10222,0,0,0,0,44,1,84,2
261,10224,179,1,0,0,0,0,0,0
259,10255,127,255,65,32,61,255,0,0
260,10265,252,255,6,0,1,0,0,0
261,10274,184,1,0,0,0,0,0,0
0,10276,0,0,0,0,0,0,0,0
75,10280,0,0,0,0,0,0,0,0
76,10285,0,0,0,0,1,0,10,0
77,10288,211,36,0,0,0,0,5,0
78,10292,0,0,0,0,0,0,0,0
79,10296,0,0,0,0,0,0,0,0
81,10300,0,0,0,0,0,0,0,0
52,10304,0,0,0,0,0,0,0,0
306,10306,201,129,123,126,23,3,58,2
307,10308,1,0,0,0,1,0,1,0
86,10309,50,1,0,0,0,0,0,0
87,10312,2,0,0,0,0,0,0,0
88,10316,0,0,0,0,0,0,0,0
259,10319,131,255,72,32,64,255,0,0
95,10321,0,0,0,0,0,0,0,0
96,10324,57,1,0,0,0,0,0,0
97,10329,2,0,0,0,0,0,0,0
98,10333,0,0,0,0,0,0,0,0
260,10335,253,255,5,0,1,0,0,0
351,10337,0,0,0,0,34,1,82,2
261,10345,188,1,0,0,0,0,0,0
259,10375,127,255,71,32,68,255,0,0
260,10385,253,255,6,0,1,0,0,0
0,10391,0,0,0,0,0,0,0,0
75,10394,0,0,0,0,0,0,0,0
261,10397,179,1,0,0,0,0,0,0
76,10398,0,0,0,0,1,0,10,0
77,10402,211,36,0,0,0,0,5,0
78,10406,0,0,0,0,0,0,0,0
79,10411,0,0,0,0,0,0,0,0
81,10415,0,0,0,0,0,0,0,0
52,10419,0,0,0,0,0,0,0,0
86,10423,50,1,0,0,0,0,0,0
87,10427,2,0,0,0,0,0,0,0
88,10430,0,0,0,0,0,0,0,0
259,10434,118,255,78,32,66,255,0,0
95,10436,0,0,0,0,0,0,0,0
96,10438,57,1,0,0,0,0,0,0
97,10442,2,0,0,0,0,0,0,0
98,10446,0,0,0,0,0,0,0,0
260,10448,251,255,6,0,1,0,0,0
351,10450,0,0,0,0,38,1,70,2
261,10459,186,1,0,0,0,0,0,0
259,10489,124,255,71,32,73,255,0,0
260,10500,253,255,5,0,1,0,0,0
0,10505,0,0,0,0,0,0,0,0
75,10509,0,0,0,0,0,0,0,0
261,10511,184,1,0,0,0,0,0,0
76,10513,0,0,0,0,1,0,10,0
300,10516,68,129,169,129,169,129,114,129
77,10518,211,36,0,0,0,0,5,0
78,10521,0,0,0,0,0,0,0,0
301,10522,35,128,19,128,56,128,123,126
79,10524,0,0,0,0,0,0,0,0
302,10526,158,129,173,129,180,129,200,128
81,10528,0,0,0,0,0,0,0,0
303,10531,49,128,73,128,58,128,53,128
52,10534,0,0,0,0,0,0,0,0
304,10536,131,128,121,128,131,128,107,128
86,10540,50,1,0,0,0,0,0,0
87,10543,2,0,0,0,0,0,0,0
305,10545,180,129,202,129,196,129,176,129
88,10548,0,0,0,0,0,0,0,0
95,10551,0,0,0,0,0,0,0,0
96,10553,57,1,0,0,0,0,0,0
97,10557,2,0,0,0,0,0,0,0
98,10561,0,0,0,0,0,0,0,0
351,10565,0,0,0,0,46,1,82,2
259,10572,134,255,79,32,59,255,0,0
260,10583,252,255,7,0,1,0,0,0
261,10593,181,1,0,0,0,0,0,0
0,10619,0,0,0,0,0,0,0,0
259,10622,126,255,74,32,75,255,0,0
75,10624,0,0,0,0,0,0,0,0
76,10627,0,0,0,0,1,0,10,0
77,10631,211,36,0,0,0,0,5,0
78,10635,0,0,0,0,0,0,0,0
260,10637,253,255,6,0,1,0,0,0
79,10639,0,0,0,0,0,0,0,0
81,10643,0,0,0,0,0,0,0,0
52,10647,0,0,0,0,0,0,0,0
261,10649,183,1,0,0,0,0,0,0
86,10651,50,1,0,0,0,0,0,0
87,10655,2,0,0,0,0,0,0,0
88,10659,0,0,0,0,0,0,0,0
95,10662,0,0,0,0,0,0,0,0
96,10667,57,1,0,0,0,0,0,0
97,10671,2,0,0,0,0,0,0,0
98,10675,0,0,0,0,0,0,0,0
351,10679,0,0,0,0,44,1,82,2
259,10687,126,255,72,32,65,255,0,0
260,10697,254,255,7,0,0,0,0,0
261,10707,179,1,0,0,0,0,0,0
0,10733,0,0,0,0,0,0,0,0
75,10737,0,0,0,0,0,0,0,0
259,10739,134,255,78,32,66,255,0,0
76,10741,0,0,0,0,1,0,10,0
77,10745,211,36,0,0,0,0,5,0
78,10749,0,0,0,0,0,0,0,0
260,10752,253,255,7,0,2,0,0,0
79,10754,0,0,0,0,0,0,0,0
81,10758,0,0,0,0,0,0,0,0
52,10761,0,0,0,0,0,0,0,0
306,10763,202,129,123,126,23,3,58,2
307,10764,1,0,0,0,1,0,1,0
86,10765,50,1,0,0,0,0,0,0
261,10768,182,1,0,0,0,0,0,0
87,10769,2,0,0,0,0,0,0,0
88,10773,0,0,0,0,0,0,0,0
95,10777,0,0,0,0,0,0,0,0
96,10781,57,1,0,0,0,0,0,0
97,10785,2,0,0,0,0,0,0,0
98,10789,0,0,0,0,0,0,0,0
351,10793,0,0,0,0,40,1,80,2
259,10806,124,255,70,32,68,255,0,0
260,10816,252,255,6,0,1,0,0,0
261,10825,177,1,0,0,0,0,0,0
0,10848,0,0,0,0,0,0,0,0
75,10851,0,0,0,0,0,0,0,0
76,10855,0,0,0,0,1,0,10,0
259,10858,125,255,76,32,67,255,0,0
77,10859,211,36,0,0,0,0,5,0
78,10863,0,0,0,0,0,0,0,0
79,10867,0,0,0,0,0,0,0,0
260,10871,251,255,5,0,1,0,0,0
81,10872,0,0,0,0,0,0,0,0
52,10875,0,0,0,0,0,0,0,0
86,10880,50,1,0,0,0,0,0,0
87,10884,2,0,0,0,0,0,0,0
261,10886,177,1,0,0,0,0,0,0
88,10888,0,0,0,0,0,0,0,0
95,10892,0,0,0,0,0,0,0,0
96,10895,57,1,0,0,0,0,0,0
97,10899,2,0,0,0,0,0,0,0
98,10903,0,0,0,0,0,0,0,0
351,10908,0,0,0,0,42,1,74,2
259,10919,123,255,73,32,70,255,0,0
260,10930,252,255,4,0,1,0,0,0
261,10940,171,1,0,0,0,0,0,0
0,10961,0,0,0,0,0,0,0,0
75,10966,0,0,0,0,0,0,0,0
76,10970,0,0,0,0,1,0,10,0
259,10972,126,255,75,32,63,255,0,0
300,10974,68,129,170,129,170,129,114,129
77,10976,211,36,0,0,0,0,5,0
301,10977,34,128,19,128,56,128,123,126
78,10979,0,0,0,0,0,0,0,0
302,10982,157,129,173,129,180,129,201,128
79,10985,0,0,0,0,0,0,0,0
81,10987,0,0,0,0,0,0,0,0
52,10990,0,0,0,0,0,0,0,0
304,10992,132,128,121,128,131,128,107,128
86,10995,50,1,0,0,0,0,0,0
87,10997,2,0,0,0,0,0,0,0
303,11000,49,128,74,128,57,128,52,128
88,11003,0,0,0,0,0,0,0,0
260,11005,253,255,6,0,1,0,0,0
95,11009,0,0,0,0,0,0,0,0
96,11011,57,1,0,0,0,0,0,0
97,11014,2,0,0,0,0,0,0,0
98,11018,0,0,0,0,0,0,0,0
261,11020,193,1,0,0,0,0,0,0
351,11022,0,0,0,0,42,1,78,2
259,11051,125,255,74,32,64,255,0,0
260,11060,251,255,5,0,1,0,0,0
261,11070,181,1,0,0,0,0,0,0
0,11076,0,0,0,0,0,0,0,0
75,11079,0,0,0,0,0,0,0,0
76,11083,0,0,0,0,1,0,10,0
77,11087,211,36,0,0,0,0,5,0
78,11091,0,0,0,0,0,0,0,0
79,11096,0,0,0,0,0,0,0,0
81,11100,0,0,0,0,0,0,0,0
52,11104,0,0,0,0,0,0,0,0
259,11107,129,255,75,32,68,255,0,0
86,11109,50,1,0,0,0,0,0,0
87,11112,2,0,0,0,0,0,0,0
88,11116,0,0,0,0,0,0,0,0
260,11119,252,255,5,0,2,0,0,0
95,11121,0,0,0,0,0,0,0,0
96,11124,57,1,0,0,0,0,0,0
97,11127,2,0,0,0,0,0,0,0
98,11131,0,0,0,0,0,0,0,0
261,11134,184,1,0,0,0,0,0,0
351,11136,0,0,0,0,42,1,78,2
259,11164,142,255,76,32,60,255,0,0
260,11174,252,255,5,0,1,0,0,0
261,11185,181,1,0,0,0,0,0,0
0,11191,0,0,0,0,0,0,0,0
75,11194,0,0,0,0,0,0,0,0
76,11198,0,0,0,0,1,0,10,0
77,11202,211,36,0,0,0,0,5,0
78,11206,0,0,0,0,0,0,0,0
79,11210,0,0,0,0,0,0,0,0
81,11214,0,0,0,0,0,0,0,0
52,11218,0,0,0,0,0,0,0,0
306,11219,202,129,123,126,23,3,58,2
307,11220,1,0,0,0,1,0,1,0
86,11223,50,1,0,0,0,0,0,0
259,11225,130,255,69,32,71,255,0,0
87,11227,2,0,0,0,0,0,0,0
88,11230,0,0,0,0,0,0,0,0
95,11234,0,0,0,0,0,0,0,0
96,11238,57,1,0,0,0,0,0,0
260,11240,252,255,4,0,1,0,0,0
97,11242,2,0,0,0,0,0,0,0
98,11246,0,0,0,0,0,0,0,0
351,11250,0,0,0,0,42,1,82,2
261,11252,179,1,0,0,0,0,0,0
259,11283,123,255,70,32,60,255,0,0
260,11292,254,255,6,0,0,0,0,0
261,11302,190,1,0,0,0,0,0,0
0,11304,0,0,0,0,0,0,0,0
75,11309,0,0,0,0,0,0,0,0
76,11312,0,0,0,0,1,0,10,0
77,11316,211,36,0,0,0,0,5,0
78,11320,0,0,0,0,0,0,0,0
79,11324,0,0,0,0,0,0,0,0
81,11328,0,0,0,0,0,0,0,0
52,11332,0,0,0,0,0,0,0,0
86,11336,50,1,0,0,0,0,0,0
87,11340,2,0,0,0,0,0,0,0
259,11342,132,255,69,32,69,255,0,0
88,11344,0,0,0,0,0,0,0,0
95,11348,0,0,0,0,0,0,0,0
96,11353,57,1,0,0,0,0,0,0
260,11356,253,255,4,0,0,0,0,0
97,11357,2,0,0,0,0,0,0,0
98,11360,0,0,0,0,0,0,0,0
351,11364,0,0,0,0,38,1,78,2
261,11369,184,1,0,0,0,0,0,0
259,11399,128,255,74,32,72,255,0,0
260,11409,253,255,6,0,0,0,0,0
0,11419,0,0,0,0,0,0,0,0
261,11420,185,1,0,0,0,0,0,0
75,11422,0,0,0,0,0,0,0,0
76,11426,0,0,0,0,1,0,10,0
300,11429,67,129,169,129,169,129,114,129
77,11431,211,36,0,0,0,0,5,0
301,11433,34,128,19,128,56,128,123,126
78,11436,0,0,0,0,0,0,0,0
302,11439,158,129,173,129,180,129,201,128
79,11441,0,0,0,0,0,0,0,0
81,11443,0,0,0,0,0,0,0,0
303,11444,49,128,73,128,56,128,51,128
52,11448,0,0,0,0,0,0,0,0
304,11450,132,128,121,128,131,128,107,128
86,11453,50,1,0,0,0,0,0,0
87,11456,2,0,0,0,0,0,0,0
305,11458,180,129,201,129,196,129,176,129
88,11461,0,0,0,0,0,0,0,0
95,11463,0,0,0,0,0,0,0,0
96,11466,57,1,0,0,0,0,0,0
97,11470,2,0,0,0,0,0,0,0
98,11474,0,0,0,0,0,0,0,0
259,11479,125,255,73,32,72,255,0,0
351,11480,0,0,0,0,42,1,74,2
260,11489,252,255,5,0,0,0,0,0
261,11499,184,1,0,0,0,0,0,0
259,11529,130,255,74,32,68,255,0,0
0,11533,0,0,0,0,0,0,0,0
75,11537,0,0,0,0,0,0,0,0
260,11540,254,255,6,0,2,0,0,0
76,11542,0,0,0,0,1,0,10,0
77,11545,211,36,0,0,0,0,5,0
78,11548,0,0,0,0,0,0,0,0
79,11552,0,0,0,0,0,0,0,0
261,11555,194,1,0,0,0,0,0,0
81,11556,0,0,0,0,0,0,0,0
52,11560,0,0,0,0,0,0,0,0
86,11565,50,1,0,0,0,0,0,0
87,11569,2,0,0,0,0,0,0,0
88,11573,0,0,0,0,0,0,0,0
95,11577,0,0,0,0,0,0,0,0
96,11581,57,1,0,0,0,0,0,0
97,11585,2,0,0,0,0,0,0,0
98,11589,0,0,0,0,0,0,0,0
351,11593,0,0,0,0,44,1,84,2
259,11594,128,255,73,32,64,255,0,0
260,11604,253,255,7,0,0,0,0,0
261,11615,185,1,0,0,0,0,0,0
259,11644,135,255,74,32,65,255,0,0
0,11648,0,0,0,0,0,0,0,0
75,11651,0,0,0,0,0,0,0,0
76,11655,0,0,0,0,1,0,10,0
260,11657,252,255,6,0,255,255,0,0
77,11659,211,36,0,0,0,0,5,0
78,11663,0,0,0,0,0,0,0,0
79,11667,0,0,0,0,0,0,0,0
261,11669,183,1,0,0,0,0,0,0
81,11671,0,0,0,0,0,0,0,0
52,11675,0,0,0,0,0,0,0,0
306,11676,201,129,123,126,23,3,58,2
307,11678,1,0,0,0,1,0,1,0
86,11679,50,1,0,0,0,0,0,0
87,11683,2,0,0,0,0,0,0,0
88,11686,0,0,0,0,0,0,0,0
95,11691,0,0,0,0,0,0,0,0
96,11695,57,1,0,0,0,0,0,0
97,11699,2,0,0,0,0,0,0,0
98,11703,0,0,0,0,0,0,0,0
351,11707,0,0,0,0,44,1,80,2
259,11712,133,255,70,32,72,255,0,0
260,11722,253,255,6,0,1,0,0,0
261,11732,195,1,0,0,0,0,0,0
0,11761,0,0,0,0,0,0,0,0
259,11763,123,255,77,32,60,255,0,0
75,11765,0,0,0,0,0,0,0,0
76,11769,0,0,0,0,1,0,10,0
77,11773,211,36,0,0,0,0,5,0
260,11776,253,255,6,0,1,0,0,0
78,11778,0,0,0,0,0,0,0,0
79,11781,0,0,0,0,0,0,0,0
81,11785,0,0,0,0,0,0,0,0
261,11789,181,1,0,0,0,0,0,0
52,11790,0,0,0,0,0,0,0,0
86,11793,50,1,0,0,0,0,0,0
87,11797,2,0,0,0,0,0,0,0
88,11801,0,0,0,0,0,0,0,0
95,11805,0,0,0,0,0,0,0,0
96,11809,57,1,0,0,0,0,0,0
97,11813,2,0,0,0,0,0,0,0
98,11817,0,0,0,0,0,0,0,0
351,11822,0,0,0,0,44,1,80,2
259,11828,128,255,70,32,61,255,0,0
260,11838,252,255,6,0,1,0,0,0
261,11848,177,1,0,0,0,0,0,0
0,11876,0,0,0,0,0,0,0,0
259,11878,126,255,74,32,58,255,0,0
75,11880,0,0,0,0,0,0,0,0
76,11883,0,0,0,0,1,0,10,0
300,11887,73,129,170,129,170,129,124,129
77,11888,211,36,0,0,0,0,5,0
301,11891,41,128,19,128,56,128,217,126
78,11893,0,0,0,0,0,0,0,0
79,11895,0,0,0,0,0,0,0,0
302,11896,161,129,174,129,181,129,216,128
81,11899,0,0,0,0,0,0,0,0
303,11901,51,128,74,128,57,128,53,128
260,11905,251,255,5,0,0,0,0,0
52,11908,0,0,0,0,0,0,0,0
86,11910,50,1,0,0,0,0,0,0
87,11912,2,0,0,0,0,0,0,0
305,11914,183,129,203,129,196,129,176,129
88,11918,0,0,0,0,0,0,0,0
95,11920,0,0,0,0,0,0,0,0
96,11923,57,1,0,0,0,0,0,0
261,11926,184,1,0,0,0,0,0,0
97,11927,2,0,0,0,0,0,0,0
98,11931,0,0,0,0,0,0,0,0
351,11935,0,0,0,0,42,1,76,2
259,11959,129,255,75,32,62,255,0,0
260,11969,253,255,7,0,1,0,0,0
261,11979,199,1,0,0,0,0,0,0
0,11990,0,0,0,0,0,0,0,0
75,11994,0,0,0,0,0,0,0,0
