77,564,27,0,0,0,0,5,0
306,8232,128,228,113,254,2,58,2
307,91,0,0,0,1,0,1,0
78,10112,2,112,2,0,0,0,0
79,1274,21,108,22,0,0,74,21
81,1615,0,0,0,0,0,0,0
52,201,0,29,4,0,0,0,0
86,2445,1,0,0,0,0,0,0
87,282,0,1,0,0,0,0,0
88,320,0,108,22,104,0,0,0
95,368,0,125,3,0,0,0,0
259,39153,255,30,32,94,0,0,0
96,4152,1,0,0,0,0,0,0
97,452,0,1,0,0,0,0,0
98,490,0,0,0,0,0,0,0
351,530,0,0,0,184,4,58,9
260,55227,255,23,0,1,0,0,0
261,6416,1,0,0,0,0,0,0
259,9456,0,48,33,150,255,0,0
260,104224,255,10,0,242,255,0,0
0,1070,0,0,0,0,0,0,0
75,1100,0,0,0,0,0,0,0
76,114107,2,0,0,1,0,10,0
261,11718,1,0,0,0,0,0,0
77,11881,27,0,0,0,0,5,0
78,122112,2,112,2,0,0,0,0
79,12684,21,117,22,0,0,84,21
81,13114,0,0,0,0,0,0,0
52,1351,0,45,4,0,0,0,0
86,13945,1,0,0,0,0,0,0
87,1432,0,1,0,0,0,0,0
88,1470,0,117,22,96,0,0,0
95,1517,0,126,3,0,0,0,0
96,15452,1,0,0,0,0,0,0
259,158127,255,138,31,186,254,0,0
97,1592,0,1,0,0,0,0,0
98,1620,0,0,0,0,0,0,0
351,1660,0,0,0,178,4,58,9
260,1729,0,249,0,243,255,0,0
261,18118,1,0,0,0,0,0,0
259,211134,255,16,32,244,254,0,0
300,219190,127,40,127,104,124,255,126
0,2210,0,0,0,0,0,0,0
301,22323,126,168,121,127,115,177,117
75,2250,0,0,0,0,0,0,0
302,227215,127,82,127,180,126,135,128
76,229104,2,0,0,1,0,10,0
303,2320,127,147,125,43,118,69,125
77,23398,27,0,0,0,0,5,0
304,23620,128,96,120,90,124,67,127
78,238106,2,106,2,0,0,0,0
260,240233,255,246,255,4,0,0,0
305,242227,128,221,127,25,125,230,126
81,2469,0,0,0,0,0,0,0
79,24892,21,126,22,0,0,92,21
52,2500,0,47,4,0,0,0,0
86,25245,1,0,0,0,0,0,0
87,2572,0,1,0,0,0,0,0
261,26120,1,0,0,0,0,0,0
88,2620,0,126,22,94,0,0,0
95,2657,0,129,3,0,0,0,0
96,26952,1,0,0,0,0,0,0
97,2732,0,1,0,0,0,0,0
98,2770,0,0,0,0,0,0,0
351,2810,0,0,0,170,4,54,9
259,295236,255,48,32,216,0,0,0
260,306251,255,12,0,253,255,0,0
261,31612,1,0,0,0,0,0,0
0,3350,0,0,0,0,0,0,0
75,3380,0,0,0,0,0,0,0
76,343108,2,0,0,1,0,10,0
77,347115,27,0,0,0,0,5,0
259,350156,255,40,32,168,255,0,0
78,351108,2,108,2,0,0,0,0
79,355101,21,134,22,0,0,104,21
81,3597,0,0,0,0,0,0,0
260,3633,0,1,0,9,0,0,0
52,3640,0,50,4,0,0,0,0
86,36745,1,0,0,0,0,0,0
87,3712,0,1,0,0,0,0,0
88,3750,0,137,22,92,0,0,0
261,37710,1,0,0,0,0,0,0
95,3797,0,118,3,0,0,0,0
96,38452,1,0,0,0,0,0,0
97,3872,0,1,0,0,0,0,0
98,3910,0,0,0,0,0,0,0
351,3950,0,0,0,182,4,56,9
259,412186,254,210,32,121,255,0,0
260,422241,255,12,0,249,255,0,0
261,43312,1,0,0,0,0,0,0
0,4490,0,0,0,0,0,0,0
75,4530,0,0,0,0,0,0,0
76,457106,2,0,0,1,0,10,0
77,461132,27,0,0,0,0,5,0
306,464227,128,127,115,0,3,58,2
307,4661,0,0,0,1,0,1,0
78,467106,2,106,2,0,0,0,0
79,470112,21,145,22,0,0,112,21
259,473238,255,56,32,109,254,0,0
81,47413,0,0,0,0,0,0,0
52,4780,0,54,4,0,0,0,0
86,48145,1,0,0,0,0,0,0
87,4852,0,1,0,0,0,0,0
260,488241,255,247,255,3,0,0,0
88,4890,0,145,22,95,0,0,0
95,4937,0,131,3,0,0,0,0
96,49752,1,0,0,0,0,0,0
261,50016,1,0,0,0,0,0,0
97,5012,0,1,0,0,0,0,0
98,5050,0,0,0,0,0,0,0
351,5090,0,0,0,180,4,46,9
259,533104,255,77,32,46,255,0,0
260,54318,0,13,0,9,0,0,0
261,5526,1,0,0,0,0,0,0
0,5640,0,0,0,0,0,0,0
75,5680,0,0,0,0,0,0,0
76,571105,2,0,0,1,0,10,0
77,575166,27,0,0,0,0,5,0
78,579105,2,105,2,0,0,0,0
79,583119,21,153,22,0,0,119,21
81,58723,0,0,0,0,0,0,0
259,590233,254,236,31,26,255,0,0
52,5911,0,63,4,0,0,0,0
86,59545,1,0,0,0,0,0,0
87,6002,0,1,0,0,0,0,0
88,6040,0,153,22,103,0,0,0
260,60612,0,17,0,3,0,0,0
95,6088,0,129,3,0,0,0,0
96,61252,1,0,0,0,0,0,0
97,6162,0,1,0,0,0,0,0
261,6186,1,0,0,0,0,0,0
98,6190,0,0,0,0,0,0,0
351,6230,0,0,0,170,4,60,9
259,65038,0,106,32,159,255,0,0
260,660249,255,4,0,2,0,0,0
261,67016,1,0,0,0,0,0,0
300,674164,127,13,127,195,123,219,126
0,6780,0,0,0,0,0,0,0
301,679238,125,118,121,34,114,152,115
75,6810,0,0,0,0,0,0,0
302,684199,127,173,127,151,126,175,128
76,686105,2,0,0,1,0,10,0
303,688234,126,129,125,173,116,47,125
77,690183,27,0,0,0,0,5,0
304,69220,128,164,117,211,123,5,127
78,695110,2,110,2,0,0,0,0
305,697226,128,212,127,140,124,213,126
79,700131,21,160,22,0,0,131,21
81,70328,0,0,0,0,0,0,0
52,7062,0,56,4,0,0,0,0
86,71045,1,0,0,0,0,0,0
87,7132,0,1,0,0,0,0,0
88,7170,0,164,22,107,0,0,0
95,7218,0,131,3,0,0,0,0
96,72652,1,0,0,0,0,0,0
97,7302,0,1,0,0,0,0,0
259,733253,254,82,32,44,0,0,0
98,7340,0,0,0,0,0,0,0
351,7380,0,0,0,176,4,50,9
260,7443,0,11,0,10,0,0,0
261,75414,1,0,0,0,0,0,0
259,784205,255,62,32,33,0,0,0
0,7920,0,0,0,0,0,0,0
260,7947,0,17,0,5,0,0,0
75,7960,0,0,0,0,0,0,0
76,800104,2,0,0,1,0,10,0
77,803201,27,0,0,0,0,5,0
78,807105,2,105,2,0,0,0,0
261,81112,1,0,0,0,0,0,0
79,812137,21,167,22,0,0,137,21
81,81636,0,0,0,0,0,0,0
52,8202,0,49,4,0,0,0,0
86,82445,1,0,0,0,0,0,0
87,8282,0,1,0,0,0,0,0
88,8320,0,171,22,111,0,0,0
95,8368,0,114,3,0,0,0,0
96,84052,1,0,0,0,0,0,0
97,8442,0,1,0,0,0,0,0
98,8480,0,0,0,0,0,0,0
259,850130,255,252,31,94,255,0,0
351,8520,0,0,0,172,4,52,9
260,8622,0,23,0,4,0,0,0
261,87212,1,0,0,0,0,0,0
259,902147,255,223,31,6,255,0,0
0,9070,0,0,0,0,0,0,0
75,9100,0,0,0,0,0,0,0


98,16470,0,0,0,0,0,0,0
351,16510,0,0,0,170,4,40,9
259,1657156,255,26,33,196,255,0,0
260,1667250,255,18,0,254,255,0,0
261,167710,1,0,0,0,0,0,0
0,17050,0,0,0,0,0,0,0
259,170879,0,54,32,40,255,0,0
75,17100,0,0,0,0,0,0,0
76,1714108,2,0,0,1,0,10,0
77,171899,28,0,0,0,0,5,0
260,1721242,255,4,0,247,255,0,0
78,1723101,2,101,2,0,0,0,0
79,1726186,21,218,22,0,0,186,21
81,173032,0,0,0,0,0,0,0
52,17342,0,28,4,0,0,0,0
261,173712,1,0,0,0,0,0,0
86,173845,1,0,0,0,0,0,0
87,17412,0,1,0,0,0,0,0
88,17450,0,218,22,115,0,0,0
95,17509,0,103,3,0,0,0,0
96,175452,1,0,0,0,0,0,0
97,17582,0,1,0,0,0,0,0
98,17620,0,0,0,0,0,0,0
351,17660,0,0,0,172,4,74,9
259,1775236,255,220,31,168,254,0,0
260,1785233,255,6,0,1,0,0,0
261,179618,1,0,0,0,0,0,0
0,18200,0,0,0,0,0,0,0
75,18240,0,0,0,0,0,0,0
259,1827187,255,17,32,58,255,0,

