96,32736,56,1,0,0,0,0,0,0
97,32740,2,0,0,0,0,0,0,0
98,32744,0,0,0,0,0,0,0,0
351,32748,0,0,0,0,38,1,82,2
259,32754,205,255,202,31,194,254,0,0
260,32764,236,255,10,0,247,255,0,0
261,32774,225,1,0,0,0,0,0,0
0,32802,0,0,0,0,0,0,0,0
259,32805,148,255,14,32,10,254,0,0
75,32806,0,0,0,0,0,0,0,0
76,32809,0,0,0,0,1,0,10,0
77,32815,209,42,0,0,0,0,5,0
260,32817,11,0,246,255,4,0,0,0
78,32819,0,0,0,0,0,0,0,0
79,32822,76,29,0,0,0,0,76,29
81,32826,216,255,0,0,0,0,0,0
261,32828,231,1,0,0,0,0,0,0
52,32830,4,0,0,0,0,0,0,0
86,32834,58,1,0,0,0,0,0,0
87,32838,2,0,1,0,0,0,0,0
88,32842,0,0,0,0,0,0,0,0
95,32846,0,0,227,253,0,0,0,0
96,32850,56,1,0,0,0,0,0,0
97,32854,2,0,0,0,0,0,0,0
98,32858,0,0,0,0,0,0,0,0
351,32862,0,0,0,0,44,1,80,2
259,32864,139,255,76,33,200,255,0,0
260,32873,8,0,251,255,9,0,0,0
261,32883,231,1,0,0,0,0,0,0
300,32913,154,128,130,128,15,127,76,128
259,32915,220,255,82,31,76,255,0,0
0,32917,0,0,0,0,0,0,0,0
301,32918,39,127,227,124,235,120,85,117
75,32920,0,0,0,0,0,0,0,0
302,32922,209,128,186,128,52,128,92,128
76,32925,0,0,0,0,1,0,10,0
303,32928,169,127,251,126,112,123,201,126
304,32931,96,128,244,119,58,126,187,127
78,32935,0,0,0,0,0,0,0,0
79,32937,76,29,0,0,0,0,76,29
77,32940,220,42,0,0,0,0,5,0
81,32943,214,255,0,0,0,0,0,0
260,32945,218,255,23,0,247,255,0,0
52,32948,4,0,0,0,0,0,0,0
86,32950,58,1,0,0,0,0,0,0
87,32953,2,0,1,0,0,0,0,0
261,32955,235,1,0,0,0,0,0,0
88,32957,0,0,0,0,0,0,0,0
95,32960,0,0,230,253,0,0,0,0
96,32964,56,1,0,0,0,0,0,0
97,32968,2,0,0,0,0,0,0,0
98,32972,0,0,0,0,0,0,0,0
351,32976,0,0,0,0,48,1,78,2
259,32990,68,255,142,32,51,255,0,0
260,32999,226,255,3,0,245,255,0,0
261,33009,231,1,0,0,0,0,0,0
0,33031,0,0,0,0,0,0,0,0
75,33035,0,0,0,0,0,0,0,0
76,33038,0,0,0,0,1,0,10,0
259,33042,121,255,22,31,99,255,0,0
77,33043,231,42,0,0,0,0,5,0
78,33046,0,0,0,0,0,0,0,0
79,33050,76,29,0,0,0,0,76,29
260,33052,254,255,255,255,2,0,0,0
81,33054,214,255,0,0,0,0,0,0
52,33058,4,0,0,0,0,0,0,0
86,33062,58,1,0,0,0,0,0,0
261,33064,241,1,0,0,0,0,0,0
87,33067,2,0,1,0,0,0,0,0
88,33071,0,0,0,0,0,0,0,0
95,33075,0,0,225,253,0,0,0,0
96,33079,56,1,0,0,0,0,0,0
97,33083,2,0,0,0,0,0,0,0
98,33086,0,0,0,0,0,0,0,0
351,33090,0,0,0,0,42,1,82,2
259,33096,77,255,155,30,230,254,0,0
260,33106,231,255,11,0,14,0,0,0
261,33117,233,1,0,0,0,0,0,0
0,33145,0,0,0,0,0,0,0,0
259,33147,28,255,88,33,11,255,0,0
75,33149,0,0,0,0,0,0,0,0
76,33153,0,0,0,0,1,0,10,0
77,33157,243,42,0,0,0,0,5,0
260,33159,12,0,251,255,255,255,0,0
306,33161,116,129,85,117,9,3,58,2
78,33162,0,0,0,0,0,0,0,0
307,33163,1,0,0,0,1,0,1,0
79,33165,76,29,0,0,0,0,76,29
81,33169,216,255,0,0,0,0,0,0
52,33173,4,0,0,0,0,0,0,0
261,33175,233,1,0,0,0,0,0,0
86,33176,58,1,0,0,0,0,0,0
87,33180,2,0,1,0,0,0,0,0
88,33184,0,0,0,0,0,0,0,0
95,33188,0,0,224,253,0,0,0,0
96,33192,56,1,0,0,0,0,0,0
97,33197,2,0,0,0,0,0,0,0
98,33201,0,0,0,0,0,0,0,0
351,33205,0,0,0,0,48,1,74,2
259,33207,114,255,42,33,232,0,0,0
260,33217,1,0,1,0,4,0,0,0
261,33227,227,1,0,0,0,0,0,0
259,33257,68,255,117,31,211,254,0,0
0,33259,0,0,0,0,0,0,0,0
75,33263,0,0,0,0,0,0,0,0
76,33267,0,0,0,0,1,0,10,0
260,33269,29,0,246,255,246,255,0,0
77,33270,254,42,0,0,0,0,5,0
78,33274,0,0,0,0,0,0,0,0
79,33278,76,29,0,0,0,0,76,29
261,33281,223,1,0,0,0,0,0,0
81,33283,217,255,0,0,0,0,0,0
52,33287,3,0,0,0,0,0,0,0
86,33291,58,1,0,0,0,0,0,0
87,33295,2,0,1,0,0,0,0,0
88,33299,0,0,0,0,0,0,0,0
95,33303,0,0,222,253,0,0,0,0
96,33307,56,1,0,0,0,0,0,0
97,33311,2,0,0,0,0,0,0,0
259,33312,251,254,139,31,16,0,0,0
98,33315,0,0,0,0,0,0,0,0
351,33318,0,0,0,0,42,1,82,2
260,33324,5,0,8,0,8,0,0,0
261,33333,235,1,0,0,0,0,0,0
259,33363,1,0,124,33,240,255,0,0
300,33370,155,128,126,128,14,127,82,128
0,33374,0,0,0,0,0,0,0,0
301,33375,42,127,218,124,248,120,1,118
75,33377,0,0,0,0,0,0,0,0
302,33378,210,128,184,128,51,128,111,128
76,33381,0,0,0,0,1,0,10,0
260,33382,223,255,20,0,240,255,0,0
303,33385,169,127,248,126,115,123,199,126
77,33388,9,43,0,0,0,0,5,0
78,33391,0,0,0,0,0,0,0,0
79,33393,76,29,0,0,0,0,76,29
304,33395,95,128,225,119,58,126,184,127
81,33399,219,255,0,0,0,0,0,0
52,33401,3,0,0,0,0,0,0,0
86,33405,58,1,0,0,0,0,0,0
261,33406,229,1,0,0,0,0,0,0
87,33409,2,0,1,0,0,0,0,0
88,33413,0,0,0,0,0,0,0,0
95,33417,0,0,223,253,0,0,0,0
96,33421,56,1,0,0,0,0,0,0
97,33425,2,0,0,0,0,0,0,0
98,33429,0,0,0,0,0,0,0,0
351,33433,0,0,0,0,42,1,80,2
259,33437,58,255,234,31,253,254,0,0
260,33447,236,255,18,0,245,255,0,0
261,33458,227,1,0,0,0,0,0,0
259,33487,207,255,196,31,156,255,0,0
0,33489,0,0,0,0,0,0,0,0
75,33491,0,0,0,0,0,0,0,0
76,33496,0,0,0,0,1,0,10,0
77,33500,21,43,0,0,0,0,5,0
260,33501,249,255,12,0,249,255,0,0
78,33503,0,0,0,0,0,0,0,0
79,33507,76,29,0,0,0,0,76,29
261,33510,235,1,0,0,0,0,0,0
81,33512,215,255,0,0,0,0,0,0
52,33515,4,0,0,0,0,0,0,0
86,33519,58,1,0,0,0,0,0,0
87,33523,2,0,1,0,0,0,0,0
88,33527,0,0,0,0,0,0,0,0
95,33531,0,0,214,253,0,0,0,0
96,33536,56,1,0,0,0,0,0,0
97,33540,2,0,0,0,0,0,0,0
259,33543,146,255,168,31,156,255,0,0
98,33544,0,0,0,0,0,0,0,0
351,33548,0,0,0,0,38,1,80,2
260,33553,241,255,1,0,1,0,0,0
261,33562,237,1,0,0,0,0,0,0
259,33593,129,255,87,33,26,0,0,0
0,33602,0,0,0,0,0,0,0,0
260,33604,22,0,1,0,7,0,0,0
75,33605,0,0,0,0,0,0,0,0
76,33609,0,0,0,0,1,0,10,0
77,33613,43,43,0,0,0,0,5,0
261,33615,231,1,0,0,0,0,0,0
306,33616,115,129,1,118,9,3,58,2
78,33618,0,0,0,0,0,0,0,0
307,33619,1,0,0,0,1,0,1,0
79,33622,76,29,0,0,0,0,76,29
81,33626,207,255,0,0,0,0,0,0
52,33630,5,0,0,0,0,0,0,0
86,33634,58,1,0,0,0,0,0,0
87,33638,2,0,1,0,0,0,0,0
88,33641,0,0,0,0,0,0,0,0
95,33645,0,0,196,253,0,0,0,0
96,33649,56,1,0,0,0,0,0,0
259,33651,246,255,50,31,38,255,0,0
97,33653,2,0,0,0,0,0,0,0
98,33657,0,0,0,0,0,0,0,0
351,33661,0,0,0,0,42,1,80,2
260,33662,217,255,20,0,246,255,0,0
261,33672,229,1,0,0,0,0,0,0
259,33701,80,255,9,32,195,254,0,0
260,33712,235,255,2,0,244,255,0,0
0,33717,0,0,0,0,0,0,0,0
75,33720,0,0,0,0,0,0,0,0
76,33724,0,0,0,0,1,0,10,0
261,33725,220,1,0,0,0,0,0,0
77,33728,55,43,0,0,0,0,5,0
78,33732,0,0,0,0,0,0,0,0
79,33735,76,29,0,0,0,0,76,29
81,33739,200,255,0,0,0,0,0,0
52,33743,5,0,0,0,0,0,0,0
86,33747,58,1,0,0,0,0,0,0
87,33752,2,0,1,0,0,0,0,0
88,33756,0,0,0,0,0,0,0,0
259,33757,125,255,80,32,158,254,0,0
95,33760,0,0,189,253,0,0,0,0
96,33764,56,1,0,0,0,0,0,0
260,33766,26,0,253,255,5,0,0,0
97,33768,2,0,0,0,0,0,0,0
98,33772,0,0,0,0,0,0,0,0
351,33776,0,0,0,0,46,1,68,2
261,33778,231,1,0,0,0,0,0,0
259,33807,106,255,19,31,162,255,0,0
260,33817,6,0,5,0,12,0,0,0
300,33826,148,128,126,128,13,127,72,128
261,33828,233,1,0,0,0,0,0,0
0,33830,0,0,0,0,0,0,0,0
301,33831,33,127,218,124,4,121,97,117
75,33833,0,0,0,0,0,0,0,0
302,33836,204,128,184,128,50,128,93,128
76,33838,0,0,0,0,1,0,10,0
303,33841,165,127,248,126,118,123,200,126
77,33844,66,43,0,0,0,0,5,0
78,33847,0,0,0,0,0,0,0,0
305,33849,111,129,238,128,109,127,100,128
79,33852,76,29,0,0,0,0,76,29
81,33855,194,255,0,0,0,0,0,0
304,33857,93,128,246,119,58,126,184,127
52,33861,6,0,0,0,0,0,0,0
86,33863,58,1,0,0,0,0,0,0
87,33866,2,0,1,0,0,0,0,0
88,33870,0,0,0,0,0,0,0,0
95,33873,0,0,183,253,0,0,0,0
96,33878,56,1,0,0,0,0,0,0
259,33881,191,255,34,33,208,255,0,0
97,33882,2,0,0,0,0,0,0,0
98,33886,0,0,0,0,0,0,0,0
351,33890,0,0,0,0,44,1,80,2
260,33892,252,255,6,0,254,255,0,0
261,33902,227,1,0,0,0,0,0,0
259,33932,254,254,217,31,87,255,0,0
260,33942,29,0,250,255,16,0,0,0
0,33944,0,0,0,0,0,0,0,0
75,33948,0,0,0,0,0,0,0,0
76,33952,0,0,0,0,1,0,10,0
261,33954,233,1,0,0,0,0,0,0
77,33956,77,43,0,0,0,0,5,0
78,33960,0,0,0,0,0,0,0,0
79,33965,76,29,0,0,0,0,76,29
81,33968,190,255,0,0,0,0,0,0
52,33972,6,0,0,0,0,0,0,0
86,33976,58,1,0,0,0,0,0,0
87,33980,2,0,1,0,0,0,0,0
88,33984,0,0,0,0,0,0,0,0
259,33987,76,255,179,31,105,254,0,0
95,33989,0,0,182,253,0,0,0,0
96,33992,56,1,0,0,0,0,0,0
97,33996,2,0,0,0,0,0,0,0
260,33998,254,255,249,255,255,255,0,0
98,34000,0,0,0,0,0,0,0,0
351,34004,0,0,0,0,42,1,80,2
261,34009,223,1,0,0,0,0,0,0
259,34038,138,255,186,32,254,254,0,0
260,34049,33,0,250,255,10,0,0,0
261,34059,225,1,0,0,0,0,0,0
0,34060,0,0,0,0,0,0,0,0
75,34062,0,0,0,0,0,0,0,0
76,34067,0,0,0,0,1,0,10,0
77,34070,89,43,0,0,0,0,5,0
306,34073,111,129,97,117,9,3,58,2
307,34074,1,0,0,0,1,0,1,0
78,34075,0,0,0,0,0,0,0,0
79,34078,76,29,0,0,0,0,76,29
81,34082,193,255,0,0,0,0,0,0
52,34086,6,0,0,0,0,0,0,0
86,34091,58,1,0,0,0,0,0,0
87,34095,2,0,1,0,0,0,0,0
259,34098,137,255,72,31,176,255,0,0
88,34100,0,0,0,0,0,0,0,0
95,34103,0,0,200,253,0,0,0,0
96,34106,56,1,0,0,0,0,0,0
260,34108,234,255,19,0,8,0,0,0
97,34110,2,0,0,0,0,0,0,0
98,34114,0,0,0,0,0,0,0,0
351,34118,0,0,0,0,42,1,68,2
261,34119,225,1,0,0,0,0,0,0
259,34149,48,255,185,31,104,255,0,0
260,34159,24,0,0,0,13,0,0,0
261,34168,231,1,0,0,0,0,0,0
0,34173,0,0,0,0,0,0,0,0
75,34177,0,0,0,0,0,0,0,0
76,34181,0,0,0,0,1,0,10,0
77,34185,100,43,0,0,0,0,5,0
78,34189,0,0,0,0,0,0,0,0
79,34193,76,29,0,0,0,0,76,29
81,34197,196,255,0,0,0,0,0,0
52,34200,6,0,0,0,0,0,0,0
259,34203,226,255,49,33,214,255,0,0
86,34205,58,1,0,0,0,0,0,0
87,34208,2,0,1,0,0,0,0,0
88,34212,0,0,0,0,0,0,0,0
260,34213,233,255,14,0,244,255,0,0
95,34216,0,0,210,253,0,0,0,0
96,34221,56,1,0,0,0,0,0,0
261,34224,229,1,0,0,0,0,0,0
97,34225,2,0,0,0,0,0,0,0
98,34229,0,0,0,0,0,0,0,0
351,34233,0,0,0,0,50,1,80,2
259,34254,170,255,61,31,96,255,0,0
260,34265,28,0,250,255,19,0,0,0
261,34275,229,1,0,0,0,0,0,0
300,34283,150,128,122,128,11,127,78,128
0,34287,0,0,0,0,0,0,0,0
301,34288,39,127,211,124,11,121,17,118
75,34291,0,0,0,0,0,0,0,0
302,34292,206,128,184,128,47,128,111,128
76,34294,0,0,0,0,1,0,10,0
303,34296,165,127,245,126,119,123,196,126
77,34299,111,43,0,0,0,0,5,0
304,34301,93,128,231,119,57,126,183,127
78,34306,0,0,0,0,0,0,0,0
79,34308,76,29,0,0,0,0,76,29
305,34310,109,129,235,128,106,127,96,128
81,34314,200,255,0,0,0,0,0,0
52,34316,5,0,0,0,0,0,0,0
86,34319,58,1,0,0,0,0,0,0
87,34323,2,0,1,0,0,0,0,0
88,34327,0,0,0,0,0,0,0,0
259,34328,168,255,197,32,62,255,0,0
95,34331,0,0,214,253,0,0,0,0
96,34335,56,1,0,0,0,0,0,0
260,34337,20,0,2,0,6,0,0,0
97,34338,2,0,0,0,0,0,0,0
98,34342,0,0,0,0,0,0,0,0
351,34347,0,0,0,0,48,1,88,2
261,34349,233,1,0,0,0,0,0,0
259,34378,15,255,116,31,42,0,0,0
260,34388,232,255,13,0,254,255,0,0
261,34398,229,1,0,0,0,0,0,0
0,34402,0,0,0,0,0,0,0,0
75,34405,0,0,0,0,0,0,0,0
76,34409,0,0,0,0,1,0,10,0
77,34413,134,43,0,0,0,0,5,0
78,34417,0,0,0,0,0,0,0,0
79,34421,76,29,0,0,0,0,76,29
81,34425,202,255,0,0,0,0,0,0
52,34429,5,0,0,0,0,0,0,0
86,34433,58,1,0,0,0,0,0,0
259,34435,88,255,66,33,192,255,0,0
87,34437,2,0,1,0,0,0,0,0
88,34441,0,0,0,0,0,0,0,0
260,34443,27,0,247,255,14,0,0,0
95,34445,0,0,216,253,0,0,0,0
96,34449,56,1,0,0,0,0,0,0
97,34453,2,0,0,0,0,0,0,0
261,34454,231,1,0,0,0,0,0,0
98,34457,0,0,0,0,0,0,0,0
351,34461,0,0,0,0,42,1,82,2
259,34485,182,255,67,31,121,255,0,0
260,34494,227,255,18,0,255,255,0,0
261,34504,237,1,0,0,0,0,0,0
0,34515,0,0,0,0,0,0,0,0
75,34520,0,0,0,0,0,0,0,0
76,34524,0,0,0,0,1,0,10,0
77,34527,145,43,0,0,0,0,5,0
306,34529,109,129,17,118,9,3,58,2
307,34531,1,0,0,0,1,0,1,0
78,34532,0,0,0,0,0,0,0,0
79,34535,76,29,0,0,0,0,76,29
81,34539,200,255,0,0,0,0,0,0
52,34543,5,0,0,0,0,0,0,0
259,34546,90,255,186,30,97,254,0,0
86,34547,58,1,0,0,0,0,0,0
87,34551,2,0,1,0,0,0,0,0
88,34555,0,0,0,0,0,0,0,0
260,34557,242,255,9,0,8,0,0,0
95,34560,0,0,222,253,0,0,0,0
96,34564,56,1,0,0,0,0,0,0
261,34567,231,1,0,0,0,0,0,0
97,34568,2,0,0,0,0,0,0,0
98,34571,0,0,0,0,0,0,0,0
351,34575,0,0,0,0,46,1,82,2
259,34597,45,255,242,31,37,255,0,0
260,34608,33,0,246,255,15,0,0,0
261,34618,231,1,0,0,0,0,0,0
0,34630,0,0,0,0,0,0,0,0
75,34633,0,0,0,0,0,0,0,0
76,34637,0,0,0,0,1,0,10,0
77,34641,157,43,0,0,0,0,5,0
78,34646,0,0,0,0,0,0,0,0
79,34650,76,29,0,0,0,0,76,29
259,34651,9,0,96,33,255,255,0,0
81,34654,196,255,0,0,0,0,0,0
52,34658,6,0,0,0,0,0,0,0
86,34662,58,1,0,0,0,0,0,0
260,34663,12,0,251,255,255,255,0,0
87,34665,2,0,1,0,0,0,0,0
88,34669,0,0,0,0,0,0,0,0
261,34672,227,1,0,0,0,0,0,0
95,34673,0,0,235,253,0,0,0,0
96,34677,56,1,0,0,0,0,0,0
97,34681,2,0,0,0,0,0,0,0
98,34685,0,0,0,0,0,0,0,0
351,34690,0,0,0,0,50,1,76,2
259,34703,112,255,75,31,249,254,0,0
260,34713,31,0,249,255,16,0,0,0
261,34722,235,1,0,0,0,0,0,0
300,34740,144,128,122,128,18,127,68,128
301,34744,31,127,210,124,51,121,109,117
0,34746,0,0,0,0,0,0,0,0
75,34748,0,0,0,0,0,0,0,0
302,34749,201,128,183,128,50,128,93,128
76,34752,0,0,0,0,1,0,10,0
303,34753,162,127,245,126,137,123,198,126
77,34756,168,43,0,0,0,0,5,0
304,34758,90,128,247,119,63,126,182,127
78,34762,0,0,0,0,0,0,0,0
79,34764,76,29,0,0,0,0,76,29
305,34766,107,129,235,128,112,127,96,128
81,34770,190,255,0,0,0,0,0,0
52,34772,6,0,0,0,0,0,0,0
259,34775,221,255,113,31,71,255,0,0
86,34778,58,1,0,0,0,0,0,0
87,34781,2,0,1,0,0,0,0,0
88,34784,0,0,0,0,0,0,0,0
260,34785,217,255,22,255,244,255,0,0
95,34788,0,0,242,253,0,0,0,0
96,34792,56,1,0,0,0,0,0,0
261,34794,243,1,0,0,0,0,0,0
97,34796,2,0,0,0,0,0,0,0
98,34800,0,0,0,0,0,0,0,0
351,34803,0,0,0,0,44,1,78,2
259,34825,202,255,106,33,145,255,0,0
260,34835,27,0,250,255,9,0,0,0
261,34845,243,1,0,0,0,0,0,0
0,34859,0,0,0,0,0,0,0,0
75,34862,0,0,0,0,0,0,0,0
76,34866,0,0,0,0,1,0,10,0
77,34870,168,43,0,0,0,0,5,0
78,34874,0,0,0,0,0,0,0,0
259,34877,218,255,122,31,101,255,0,0
79,34879,0,0,0,0,0,0,0,0
81,34882,0,0,0,0,0,0,0,0
52,34886,0,0,0,0,0,0,0,0
260,34888,14,0,4,0,8,0,0,0
86,34890,58,1,0,0,0,0,0,0
87,34894,2,0,1,0,0,0,0,0
88,34898,0,0,0,0,0,0,0,0
261,34899,237,1,0,0,0,0,0,0
95,34902,0,0,0,0,0,0,0,0
96,34906,56,1,0,0,0,0,0,0
97,34910,2,0,0,0,0,0,0,0
98,34914,0,0,0,0,0,0,0,0
351,34918,0,0,0,0,48,1,84,2
259,34929,109,255,222,32,163,255,0,0
260,34939,241,255,253,255,251,255,0,0
261,34950,233,1,0,0,0,0,0,0
0,34972,0,0,0,0,0,0,0,0
75,34976,0,0,0,0,0,0,0,0
76,34980,0,0,0,0,1,0,10,0
259,34982,244,255,80,33,106,255,0,0
77,34984,168,43,0,0,0,0,5,0
306,34987,107,129,109,117,9,3,58,2
307,34988,1,0,0,0,1,0,1,0
78,34989,0,0,0,0,0,0,0,0
79,34992,0,0,0,0,0,0,0,0
260,34996,244,255,8,0,5,0,0,0
81,34997,0,0,0,0,0,0,0,0
52,35000,0,0,0,0,0,0,0,0
86,35004,58,1,0,0,0,0,0,0
261,35006,247,1,0,0,0,0,0,0
87,35008,2,0,1,0,0,0,0,0
88,35012,0,0,0,0,0,0,0,0
95,35016,0,0,0,0,0,0,0,0
96,35020,56,1,0,0,0,0,0,0
97,35024,2,0,0,0,0,0,0,0
98,35028,0,0,0,0,0,0,0,0
351,35033,0,0,0,0,48,1,82,2
259,35037,47,255,116,32,146,255,0,0
260,35047,243,255,253,255,250,255,0,0
261,35056,227,1,0,0,0,0,0,0
259,35087,211,255,58,33,45,255,0,0
0,35088,0,0,0,0,0,0,0,0
75,35090,0,0,0,0,0,0,0,0
76,35094,0,0,0,0,1,0,10,0
77,35098,168,43,0,0,0,0,5,0
260,35099,240,255,7,0,244,255,0,0
78,35102,0,0,0,0,0,0,0,0
79,35106,0,0,0,0,0,0,0,0
261,35109,231,1,0,0,0,0,0,0
81,35110,0,0,0,0,0,0,0,0
52,35115,0,0,0,0,0,0,0,0
86,35119,58,1,0,0,0,0,0,0
87,35123,2,0,1,0,0,0,0,0
88,35127,0,0,0,0,0,0,0,0
95,35130,0,0,0,0,0,0,0,0
96,35134,56,1,0,0,0,0,0,0
97,35138,2,0,0,0,0,0,0,0
259,35140,150,255,214,32,188,255,0,0
98,35142,0,0,0,0,0,0,0,0
351,35146,0,0,0,0,42,1,80,2
260,35150,16,0,3,0,247,255,0,0
261,35161,233,1,0,0,0,0,0,0
259,35190,182,255,248,31,228,254,0,0
300,35196,230,128,84,129,67,129,32,129
301,35201,185,127,36,127,241,127,180,124
0,35203,0,0,0,0,0,0,0,0
75,35205,0,0,0,0,0,0,0,0
302,35206,69,129,100,129,96,129,233,128
76,35209,0,0,0,0,1,0,10,0
303,35210,232,127,248,127,234,127,232,127
260,35213,11,0,1,0,12,0,0,0
304,35215,86,128,3,128,48,128,48,128
78,35219,0,0,0,0,0,0,0,0
79,35221,0,0,0,0,0,0,0,0
77,35223,168,43,0,0,0,0,5,0
81,35225,0,0,0,0,0,0,0,0
52,35228,0,0,0,0,0,0,0,0
261,35232,218,1,0,0,0,0,0,0
86,35233,58,1,0,0,0,0,0,0
87,35236,2,0,1,0,0,0,0,0
88,35240,0,0,0,0,0,0,0,0
95,35245,0,0,0,0,0,0,0,0
96,35249,56,1,0,0,0,0,0,0
97,35253,2,0,0,0,0,0,0,0
98,35257,0,0,0,0,0,0,0,0
351,35261,0,0,0,0,42,1,82,2
259,35263,214,255,94,31,76,255,0,0
260,35272,241,255,3,0,7,0,0,0
261,35281,233,1,0,0,0,0,0,0
259,35312,2,0,162,32,253,254,0,0
0,35315,0,0,0,0,0,0,0,0
75,35319,0,0,0,0,0,0,0,0
76,35322,0,0,0,0,1,0,10,0
260,35324,233,255,16,0,240,255,0,0
77,35326,168,43,0,0,0,0,5,0
78,35331,0,0,0,0,0,0,0,0
261,35334,229,1,0,0,0,0,0,0
79,35336,0,0,0,0,0,0,0,0
81,35339,0,0,0,0,0,0,0,0
52,35343,0,0,0,0,0,0,0,0
86,35347,58,1,0,0,0,0,0,0
87,35351,2,0,1,0,0,0,0,0
88,35355,0,0,0,0,0,0,0,0
95,35359,0,0,0,0,0,0,0,0
96,35362,56,1,0,0,0,0,0,0
259,35365,8,255,60,32,126,254,0,0
97,35366,2,0,0,0,0,0,0,0
98,35371,0,0,0,0,0,0,0,0
351,35375,0,0,0,0,44,1,68,2
260,35377,247,255,251,255,3,0,0,0
261,35387,239,1,0,0,0,0,0,0
259,35418,243,255,160,31,218,255,0,0
260,35427,12,0,1,0,2,0,0,0
0,35429,0,0,0,0,0,0,0,0
75,35433,0,0,0,0,0,0,0,0
76,35437,0,0,0,0,1,0,10,0
261,35439,241,1,0,0,0,0,0,0
77,35441,168,43,0,0,0,0,5,0
306,35443,137,129,180,124,21,3,58,2
307,35444,1,0,0,0,1,0,1,0
78,35446,0,0,0,0,0,0,0,0
79,35449,0,0,0,0,0,0,0,0
81,35453,0,0,0,0,0,0,0,0
52,35457,0,0,0,0,0,0,0,0
86,35461,58,1,0,0,0,0,0,0
87,35465,2,0,1,0,0,0,0,0
88,35469,0,0,0,0,0,0,0,0
95,35473,0,0,0,0,0,0,0,0
259,35476,30,255,212,32,252,254,0,0
96,35478,56,1,0,0,0,0,0,0
97,35481,2,0,0,0,0,0,0,0
98,35485,0,0,0,0,0,0,0,0
260,35487,251,255,14,0,3,0,0,0
351,35489,0,0,0,0,42,1,74,2
261,35496,233,1,0,0,0,0,0,0
259,35526,176,254,208,31,79,255,0,0
260,35536,244,255,10,0,2,0,0,0
0,35544,0,0,0,0,0,0,0,0
75,35547,0,0,0,0,0,0,0,0
261,35550,233,1,0,0,0,0,0,0
76,35551,0,0,0,0,1,0,10,0
77,35555,168,43,0,0,0,0,5,0
78,35559,0,0,0,0,0,0,0,0
79,35563,0,0,0,0,0,0,0,0
81,35567,0,0,0,0,0,0,0,0
52,35571,0,0,0,0,0,0,0,0
86,35575,58,1,0,0,0,0,0,0
87,35579,2,0,1,0,0,0,0,0
259,35582,151,255,3,31,94,255,0,0
88,35585,0,0,0,0,0,0,0,0
95,35588,0,0,0,0,0,0,0,0
96,35592,56,1,0,0,0,0,0,0
260,35594,19,0,2,0,8,0,0,0
97,35596,2,0,0,0,0,0,0,0
98,35599,0,0,0,0,0,0,0,0
261,35603,235,1,0,0,0,0,0,0
351,35604,0,0,0,0,48,1,78,2
259,35633,237,255,198,32,5,0,0,0
260,35643,1,0,9,0,255,255,0,0
261,35652,227,1,0,0,0,0,0,0
300,35654,237,128,92,129,76,129,39,129
301,35657,195,127,61,127,247,127,189,124
0,35659,0,0,0,0,0,0,0,0
75,35661,0,0,0,0,0,0,0,0
302,35662,76,129,106,129,104,129,241,128
76,35665,0,0,0,0,1,0,10,0
303,35667,238,127,254,127,241,127,239,127
77,35671,168,43,0,0,0,0,5,0
304,35674,90,128,12,128,54,128,51,128
78,35677,0,0,0,0,0,0,0,0
79,35679,0,0,0,0,0,0,0,0
305,35681,124,129,141,129,104,129,106,129
81,35685,0,0,0,0,0,0,0,0
52,35687,0,0,0,0,0,0,0,0
86,35690,58,1,0,0,0,0,0,0
87,35693,2,0,1,0,0,0,0,0
88,35697,0,0,0,0,0,0,0,0
95,35701,0,0,0,0,0,0,0,0
259,35703,58,255,176,31,137,0,0,0
96,35705,56,1,0,0,0,0,0,0
97,35709,2,0,0,0,0,0,0,0
98,35714,0,0,0,0,0,0,0,0
260,35716,21,0,9,0,6,0,0,0
351,35718,0,0,0,0,44,1,78,2
261,35726,233,1,0,0,0,0,0,0
259,35756,153,0,170,32,240,255,0,0
260,35766,6,0,4,0,7,0,0,0
0,35772,0,0,0,0,0,0,0,0
75,35776,0,0,0,0,0,0,0,0
261,35778,237,1,0,0,0,0,0,0
76,35780,0,0,0,0,1,0,10,0
77,35783,168,43,0,0,0,0,5,0
78,35787,0,0,0,0,0,0,0,0
79,35791,0,0,0,0,0,0,0,0
81,35795,0,0,0,0,0,0,0,0
52,35800,0,0,0,0,0,0,0,0
86,35804,58,1,0,0,0,0,0,0
87,35808,2,0,1,0,0,0,0,0
88,35812,0,0,0,0,0,0,0,0
95,35816,0,0,0,0,0,0,0,0
259,35818,100,255,80,32,165,255,0,0
96,35820,56,1,0,0,0,0,0,0
97,35824,2,0,0,0,0,0,0,0
98,35827,0,0,0,0,0,0,0,0
260,35830,10,0,5,0,3,0,0,0
351,35831,0,0,0,0,44,1,78,2
261,35840,245,1,0,0,0,0,0,0
259,35870,65,255,250,31,64,255,0,0
260,35880,4,0,251,255,0,0,0,0
0,35887,0,0,0,0,0,0,0,0
75,35890,0,0,0,0,0,0,0,0
261,35893,231,1,0,0,0,0,0,0
76,35894,0,0,0,0,1,0,10,0
77,35898,168,43,0,0,0,0,5,0
306,35900,141,129,189,124,21,3,58,2
307,35902,1,0,0,0,1,0,1,0
78,35903,0,0,0,0,0,0,0,0
79,35906,0,0,0,0,0,0,0,0
81,35910,0,0,0,0,0,0,0,0
52,35914,0,0,0,0,0,0,0,0
86,35918,58,1,0,0,0,0,0,0
87,35921,2,0,1,0,0,0,0,0
88,35926,0,0,0,0,0,0,0,0
95,35930,0,0,0,0,0,0,0,0
259,35932,223,254,4,32,45,0,0,0
96,35934,56,1,0,0,0,0,0,0
97,35938,2,0,0,0,0,0,0,0
98,35942,0,0,0,0,0,0,0,0
260,35944,11,255,2,0,5,0,0,0
351,35946,0,0,0,0,42,1,96,2
261,35955,245,1,0,0,0,0,0,0
259,35985,84,0,168,32,78,255,0,0
260,35995,250,255,5,0,0,0,0,0
0,36000,0,0,0,0,0,0,0,0
75,36004,0,0,0,0,0,0,0,0
76,36008,0,0,0,0,1,0,10,0
261,36009,241,1,0,0,0,0,0,0
77,36013,168,43,0,0,0,0,5,0
78,36016,0,0,0,0,0,0,0,0
79,36021,0,0,0,0,0,0,0,0
81,36024,0,0,0,0,0,0,0,0
52,36028,0,0,0,0,0,0,0,0
86,36032,58,1,0,0,0,0,0,0
87,36036,2,0,1,0,0,0,0,0
88,36040,0,0,0,0,0,0,0,0
259,36043,89,255,4,32,226,254,0,0
95,36045,0,0,0,0,0,0,0,0
96,36048,56,1,0,0,0,0,0,0
97,36052,2,0,0,0,0,0,0,0
98,36057,0,0,0,0,0,0,0,0
260,36059,3,0,9,0,0,0,0,0
351,36061,0,0,0,0,48,1,80,2
261,36068,239,1,0,0,0,0,0,0
259,36098,246,254,113,32,235,254,0,0
260,36108,237,255,12,0,249,255,0,0
300,36110,246,128,96,129,81,129,53,129
301,36115,208,127,76,127,251,127,126,125
0,36117,0,0,0,0,0,0,0,0
75,36118,0,0,0,0,0,0,0,0
302,36119,85,129,110,129,108,129,7,129
76,36122,0,0,0,0,1,0,10,0
303,36123,243,127,3,128,245,127,242,127
77,36126,168,43,0,0,0,0,5,0
304,36129,93,128,17,128,58,128,54,128
78,36132,0,0,0,0,0,0,0,0
79,36134,0,0,0,0,0,0,0,0
305,36136,128,129,143,129,109,129,109,129
261,36141,233,1,0,0,0,0,0,0
52,36143,0,0,0,0,0,0,0,0
81,36145,0,0,0,0,0,0,0,0
86,36148,58,1,0,0,0,0,0,0
87,36151,2,0,1,0,0,0,0,0
88,36154,0,0,0,0,0,0,0,0
95,36158,0,0,0,0,0,0,0,0
96,36162,56,1,0,0,0,0,0,0
97,36166,2,0,0,0,0,0,0,0
98,36170,0,0,0,0,0,0,0,0
351,36174,0,0,0,0,46,1,80,2
259,36177,130,255,34,32,76,255,0,0
260,36188,247,255,3,0,252,255,0,0
261,36198,229,1,0,0,0,0,0,0
259,36228,80,255,3,32,54,255,0,0
0,36230,0,0,0,0,0,0,0,0
75,36233,0,0,0,0,0,0,0,0
76,36237,0,0,0,0,1,0,10,0
77,36241,168,43,0,0,0,0,5,0
260,36243,0,0,251,255,2,0,0,0
78,36245,0,0,0,0,0,0,0,0
79,36248,0,0,0,0,0,0,0,0
81,36252,0,0,0,0,0,0,0,0
261,36255,239,1,0,0,0,0,0,0
52,36256,0,0,0,0,0,0,0,0
86,36260,58,1,0,0,0,0,0,0
87,36264,2,0,0,0,0,0,0,0
88,36269,0,0,0,0,0,0,0,0
95,36273,0,0,0,0,0,0,0,0
96,36277,56,1,0,0,0,0,0,0
97,36281,2,0,0,0,0,0,0,0
98,36285,0,0,0,0,0,0,0,0
351,36289,0,0,0,0,44,1,96,2
259,36292,245,254,140,32,76,255,0,0
260,36302,247,255,6,0,1,0,0,0
261,36312,237,1,0,0,0,0,0,0
259,36342,28,255,136,31,186,255,0,0
0,36343,0,0,0,0,0,0,0,0
75,36346,0,0,0,0,0,0,0,0
76,36350,0,0,0,0,1,0,10,0
77,36355,168,43,0,0,0,0,5,0
260,36357,255,255,13,0,9,0,0,0
306,36359,143,129,126,125,21,3,58,2
78,36360,0,0,0,0,0,0,0,0
307,36361,1,0,0,0,1,0,1,0
79,36363,0,0,0,0,0,0,0,0
81,36367,0,0,0,0,0,0,0,0
52,36371,0,0,0,0,0,0,0,0
261,36374,235,1,0,0,0,0,0,0
86,36375,58,1,0,0,0,0,0,0
87,36379,2,0,0,0,0,0,0,0
88,36383,0,0,0,0,0,0,0,0
95,36386,0,0,0,0,0,0,0,0
96,36390,56,1,0,0,0,0,0,0
97,36395,2,0,0,0,0,0,0,0
98,36399,0,0,0,0,0,0,0,0
351,36403,0,0,0,0,46,1,78,2
259,36411,92,255,79,32,10,255,0,0
260,36421,6,0,3,0,254,255,0,0
261,36431,229,1,0,0,0,0,0,0
0,36457,0,0,0,0,0,0,0,0
75,36461,0,0,0,0,0,0,0,0
259,36464,154,255,130,32,58,0,0,0
76,36466,0,0,0,0,1,0,10,0
77,36469,168,43,0,0,0,0,5,0
78,36473,0,0,0,0,0,0,0,0
79,36476,0,0,0,0,0,0,0,0
260,36480,2,0,13,0,251,255,0,0
81,36481,0,0,0,0,0,0,0,0
52,36485,0,0,0,0,0,0,0,0
86,36489,58,1,0,0,0,0,0,0
261,36491,237,1,0,0,0,0,0,0
87,36493,2,0,0,0,0,0,0,0
88,36497,0,0,0,0,0,0,0,0
95,36501,0,0,0,0,0,0,0,0
96,36505,56,1,0,0,0,0,0,0
97,36509,2,0,0,0,0,0,0,0
98,36513,0,0,0,0,0,0,0,0
351,36517,0,0,0,0,46,1,76,2
259,36526,55,255,163,32,250,254,0,0
260,36536,252,255,249,255,0,0,0,0
261,36545,239,1,0,0,0,0,0,0
300,36568,244,128,99,129,85,129,46,129
301,36572,206,127,87,127,253,127,197,124
0,36574,0,0,0,0,0,0,0,0
75,36575,0,0,0,0,0,0,0,0
302,36577,84,129,113,129,111,129,245,128
76,36579,0,0,0,0,1,0,10,0
303,36581,244,127,6,128,249,127,246,127
77,36584,168,43,0,0,0,0,5,0
304,36586,93,128,22,128,61,128,56,128
78,36589,0,0,0,0,0,0,0,0
79,36592,0,0,0,0,0,0,0,0
305,36594,129,129,147,129,113,129,112,129
81,36597,0,0,0,0,0,0,0,0
259,36599,182,255,105,32,138,255,0,0
52,36603,0,0,0,0,0,0,0,0
86,36605,58,1,0,0,0,0,0,0
87,36608,2,0,0,0,0,0,0,0
260,36611,7,0,5,0,255,255,0,0
88,36613,0,0,0,0,0,0,0,0
95,36616,0,0,0,0,0,0,0,0
96,36619,56,1,0,0,0,0,0,0
97,36623,2,0,0,0,0,0,0,0
261,36625,233,1,0,0,0,0,0,0
98,36627,0,0,0,0,0,0,0,0
351,36631,0,0,0,0,48,1,82,2
259,36657,132,255,103,32,62,255,0,0
260,36667,255,255,2,0,1,0,0,0
261,36676,235,1,0,0,0,0,0,0
0,36685,0,0,0,0,0,0,0,0
75,36689,0,0,0,0,0,0,0,0
76,36694,0,0,0,0,1,0,10,0
77,36698,168,43,0,0,0,0,5,0
78,36702,0,0,0,0,0,0,0,0
79,36706,0,0,0,0,0,0,0,0
81,36710,0,0,0,0,0,0,0,0
52,36713,0,0,0,0,0,0,0,0
259,36716,20,255,210,31,25,255,0,0
86,36717,58,1,0,0,0,0,0,0
87,36722,2,0,0,0,0,0,0,0
88,36725,0,0,0,0,0,0,0,0
260,36728,244,255,2,0,255,255,0,0
95,36730,0,0,0,0,0,0,0,0
96,36733,56,1,0,0,0,0,0,0
97,36738,2,0,0,0,0,0,0,0
98,36742,0,0,0,0,0,0,0,0
261,36744,245,1,0,0,0,0,0,0
351,36746,0,0,0,0,42,1,82,2
259,36773,192,255,144,32,84,255,0,0
260,36784,253,255,1,0,1,0,0,0
261,36794,231,1,0,0,0,0,0,0
0,36800,0,0,0,0,0,0,0,0
75,36803,0,0,0,0,0,0,0,0
76,36807,0,0,0,0,1,0,10,0
77,36811,168,43,0,0,0,0,5,0
306,36814,147,129,197,124,21,3,58,2
307,36815,1,0,0,0,1,0,1,0
78,36817,0,0,0,0,0,0,0,0
79,36819,0,0,0,0,0,0,0,0
81,36824,0,0,0,0,0,0,0,0
52,36828,0,0,0,0,0,0,0,0
86,36832,58,1,0,0,0,0,0,0
87,36836,2,0,0,0,0,0,0,0
259,36838,164,255,159,32,109,255,0,0
88,36840,0,0,0,0,0,0,0,0
95,36844,0,0,0,0,0,0,0,0
96,36848,56,1,0,0,0,0,0,0
260,36850,1,0,0,0,2,0,0,0
97,36851,2,0,0,0,0,0,0,0
98,36855,0,0,0,0,0,0,0,0
351,36859,0,0,0,0,44,1,80,2
261,36862,227,1,0,0,0,0,0,0
259,36893,234,254,86,32,123,254,0,0
260,36903,253,255,255,255,252,255,0,0
261,36913,233,1,0,0,0,0,0,0
0,36915,0,0,0,0,0,0,0,0
75,36918,0,0,0,0,0,0,0,0
76,36922,0,0,0,0,1,0,10,0
77,36926,168,43,0,0,0,0,5,0
78,36930,0,0,0,0,0,0,0,0
79,36934,0,0,0,0,0,0,0,0
81,36938,0,0,0,0,0,0,0,0
52,36942,0,0,0,0,0,0,0,0
86,36945,58,1,0,0,0,0,0,0
87,36950,2,0,0,0,0,0,0,0
88,36954,0,0,0,0,0,0,0,0
259,36956,48,0,70,32,169,255,0,0
95,36958,0,0,0,0,0,0,0,0
96,36962,56,1,0,0,0,0,0,0
97,36966,2,0,0,0,0,0,0,0
260,36968,18,0,6,0,4,0,0,0
98,36970,0,0,0,0,0,0,0,0
351,36974,0,0,0,0,46,1,82,2
261,36979,229,1,0,0,0,0,0,0
259,37009,156,254,32,32,38,0,0,0
260,37019,246,255,9,0,0,0,0,0
300,37023,252,128,102,129,89,129,59,129
301,37028,216,127,95,127,0,128,132,125
0,37029,0,0,0,0,0,0,0,0
75,37032,0,0,0,0,0,0,0,0
302,37033,92,129,115,129,114,129,12,129
76,37036,0,0,0,0,1,0,10,0
303,37038,248,127,9,128,250,127,248,127
77,37040,168,43,0,0,0,0,5,0
304,37043,96,128,25,128,64,128,58,128
261,37046,229,1,0,0,0,0,0,0
79,37048,0,0,0,0,0,0,0,0
78,37050,0,0,0,0,0,0,0,0
81,37053,0,0,0,0,0,0,0,0
52,37056,0,0,0,0,0,0,0,0
86,37060,58,1,0,0,0,0,0,0
87,37064,2,0,0,0,0,0,0,0
88,37068,0,0,0,0,0,0,0,0
95,37072,0,0,0,0,0,0,0,0
96,37076,56,1,0,0,0,0,0,0
97,37081,2,0,0,0,0,0,0,0
98,37084,0,0,0,0,0,0,0,0
351,37088,0,0,0,0,46,1,80,2
259,37092,158,255,236,32,231,255,0,0
260,37101,10,255,8,0,251,255,0,0
261,37111,223,1,0,0,0,0,0,0
259,37141,155,255,17,32,134,254,0,0
0,37143,0,0,0,0,0,0,0,0
75,37146,0,0,0,0,0,0,0,0
76,37150,0,0,0,0,1,0,10,0
77,37154,168,43,0,0,0,0,5,0
260,37156,4,0,243,255,8,0,0,0
78,37158,0,0,0,0,0,0,0,0
79,37163,0,0,0,0,0,0,0,0
81,37167,0,0,0,0,0,0,0,0
52,37171,0,0,0,0,0,0,0,0
261,37173,229,1,0,0,0,0,0,0
86,37175,58,1,0,0,0,0,0,0
87,37178,2,0,0,0,0,0,0,0
88,37182,0,0,0,0,0,0,0,0
95,37186,0,0,0,0,0,0,0,0
96,37190,56,1,0,0,0,0,0,0
97,37194,2,0,0,0,0,0,0,0
98,37198,0,0,0,0,0,0,0,0
351,37202,0,0,0,0,42,1,82,2
259,37209,9,255,70,32,199,255,0,0
260,37219,251,255,4,0,2,0,0,0
261,37229,241,1,0,0,0,0,0,0
0,37257,0,0,0,0,0,0,0,0
259,37260,154,255,198,31,141,254,0,0
75,37262,0,0,0,0,0,0,0,0
76,37265,0,0,0,0,1,0,10,0
77,37268,168,43,0,0,0,0,5,0
306,37270,148,129,132,125,21,3,58,2
307,37272,1,0,0,0,1,0,1,0
78,37273,0,0,0,0,0,0,0,0
79,37276,0,0,0,0,0,0,0,0
81,37280,0,0,0,0,0,0,0,0
260,37282,249,255,254,255,2,0,0,0
52,37284,0,0,0,0,0,0,0,0
86,37288,58,1,0,0,0,0,0,0
87,37293,2,0,0,0,0,0,0,0
261,37296,233,1,0,0,0,0,0,0
88,37297,0,0,0,0,0,0,0,0
95,37301,0,0,0,0,0,0,0,0
96,37305,56,1,0,0,0,0,0,0
97,37309,2,0,0,0,0,0,0,0
98,37313,0,0,0,0,0,0,0,0
351,37316,0,0,0,0,46,1,82,2
259,37330,56,255,2,32,163,255,0,0
260,37341,3,0,254,255,2,0,0,0
261,37351,235,1,0,0,0,0,0,0
0,37371,0,0,0,0,0,0,0,0
75,37374,0,0,0,0,0,0,0,0
76,37379,0,0,0,0,1,0,10,0
77,37383,168,43,0,0,0,0,5,0
259,37386,166,255,46,32,232,254,0,0
78,37388,0,0,0,0,0,0,0,0
79,37391,0,0,0,0,0,0,0,0
81,37395,0,0,0,0,0,0,0,0
52,37399,0,0,0,0,0,0,0,0
260,37401,3,0,255,0,252,255,0,0
86,37403,58,1,0,0,0,0,0,0
87,37407,2,0,0,0,0,0,0,0
88,37410,0,0,0,0,0,0,0,0
261,37413,247,1,0,0,0,0,0,0
95,37414,0,0,0,0,0,0,0,0
96,37419,56,1,0,0,0,0,0,0
97,37423,2,0,0,0,0,0,0,0
98,37427,0,0,0,0,0,0,0,0
351,37431,0,0,0,0,40,1,76,2
259,37447,49,255,44,32,255,255,0,0
260,37457,254,255,8,0,2,0,0,0
261,37468,229,1,0,0,0,0,0,0
300,37481,248,128,104,129,91,129,51,129
301,37485,212,127,102,127,1,128,201,124
0,37487,0,0,0,0,0,0,0,0
75,37489,0,0,0,0,0,0,0,0
302,37490,90,129,117,129,116,129,249,128
76,37493,0,0,0,0,1,0,10,0
303,37494,249,127,11,128,253,127,250,127
77,37497,168,43,0,0,0,0,5,0
304,37499,95,128,28,128,66,128,60,128
78,37502,0,0,0,0,0,0,0,0
79,37506,0,0,0,0,0,0,0,0
305,37508,132,129,150,129,119,129,117,129
81,37511,0,0,0,0,0,0,0,0
52,37513,0,0,0,0,0,0,0,0
86,37517,58,1,0,0,0,0,0,0
87,37521,2,0,0,0,0,0,0,0
259,37523,141,255,82,32,234,254,0,0
88,37525,0,0,0,0,0,0,0,0
95,37529,0,0,0,0,0,0,0,0
96,37533,56,1,0,0,0,0,0,0
260,37536,252,255,3,0,3,0,0,0
97,37537,2,0,0,0,0,0,0,0
98,37541,0,0,0,0,0,0,0,0
351,37545,0,0,0,0,48,1,88,2
261,37550,231,1,0,0,0,0,0,0
259,37579,43,255,68,32,5,0,0,0
260,37590,4,0,255,255,5,0,0,0
261,37600,239,1,0,0,0,0,0,0
0,37601,0,0,0,0,0,0,0,0
75,37603,0,0,0,0,0,0,0,0
76,37607,0,0,0,0,1,0,10,0
77,37611,168,43,0,0,0,0,5,0
78,37615,0,0,0,0,0,0,0,0
79,37619,0,0,0,0,0,0,0,0
81,37623,0,0,0,0,0,0,0,0
52,37627,0,0,0,0,0,0,0,0
86,37632,58,1,0,0,0,0,0,0
87,37636,2,0,0,0,0,0,0,0
88,37640,0,0,0,0,0,0,0,0
259,37643,116,254,100,32,115,0,0,0
95,37644,0,0,0,0,0,0,0,0
96,37647,56,1,0,0,0,0,0,0
97,37651,2,0,0,0,0,0,0,0
98,37655,0,0,0,0,0,0,0,0
260,37657,2,0,7,0,0,0,0,0
351,37659,0,0,0,0,44,1,84,2
261,37667,235,1,0,0,0,0,0,0
259,37698,95,255,92,31,32,254,0,0
260,37707,246,255,252,255,0,0,0,0
0,37713,0,0,0,0,0,0,0,0
75,37718,0,0,0,0,0,0,0,0
261,37721,241,1,0,0,0,0,0,0
76,37722,0,0,0,0,1,0,10,0
77,37726,168,43,0,0,0,0,5,0
306,37728,150,129,201,124,21,3,58,2
307,37729,1,0,0,0,1,0,1,0
78,37731,0,0,0,0,0,0,0,0
79,37734,0,0,0,0,0,0,0,0
81,37737,0,0,0,0,0,0,0,0
52,37741,0,0,0,0,0,0,0,0
86,37745,58,1,0,0,0,0,0,0
87,37749,2,0,0,0,0,0,0,0
88,37753,0,0,0,0,0,0,0,0
95,37757,0,0,0,0,0,0,0,0
96,37762,56,1,0,0,0,0,0,0
259,37765,187,255,95,31,106,254,0,0
97,37767,2,0,0,0,0,0,0,0
98,37770,0,0,0,0,0,0,0,0
351,37774,0,0,0,0,44,1,78,2
260,37777,251,255,12,0,1,0,0,0
261,37787,235,1,0,0,0,0,0,0
259,37817,8,1,19,33,145,255,0,0
260,37827,254,255,5,0,253,255,0,0
0,37828,0,0,0,0,0,0,0,0
75,37831,0,0,0,0,0,0,0,0
76,37835,0,0,0,0,1,0,10,0
77,37839,168,43,0,0,0,0,5,0
261,37841,231,1,0,0,0,0,0,0
78,37843,0,0,0,0,0,0,0,0
79,37848,0,0,0,0,0,0,0,0
81,37852,0,0,0,0,0,0,0,0
52,37856,0,0,0,0,0,0,0,0
86,37860,58,1,0,0,0,0,0,0
87,37864,2,0,0,0,0,0,0,0
88,37868,0,0,0,0,0,0,0,0
95,37872,0,0,0,0,0,0,0,0
96,37875,56,1,0,0,0,0,0,0
97,37879,2,0,0,0,0,0,0,0
259,37883,119,0,134,32,124,255,0,0
98,37884,0,0,0,0,0,0,0,0
351,37888,0,0,0,0,44,1,78,2
260,37895,5,0,14,0,251,255,0,0
261,37905,231,1,0,0,0,0,0,0
259,37935,199,255,23,33,78,0,0,0
300,37938,0,129,106,129,94,129,63,129
301,37942,222,127,109,127,3,128,137,125
0,37944,0,0,0,0,0,0,0,0
75,37946,0,0,0,0,0,0,0,0
302,37947,95,129,118,129,119,129,14,129
76,37950,0,0,0,0,1,0,10,0
303,37951,252,127,14,128,255,127,252,127
77,37954,168,43,0,0,0,0,5,0
304,37956,98,128,31,128,68,128,61,128
78,37960,0,0,0,0,0,0,0,0
79,37962,0,0,0,0,0,0,0,0
305,37964,135,129,151,129,121,129,118,129
260,37968,1,0,0,0,4,0,0,0
52,37970,0,0,0,0,0,0,0,0
81,37972,0,0,0,0,0,0,0,0
86,37975,58,1,0,0,0,0,0,0
87,37978,2,0,0,0,0,0,0,0
261,37981,223,1,0,0,0,0,0,0
88,37983,0,0,0,0,0,0,0,0
95,37986,0,0,0,0,0,0,0,0
96,37990,56,1,0,0,0,0,0,0
97,37994,2,0,0,0,0,0,0,0
98,37998,0,0,0,0,0,0,0,0
351,38002,0,0,0,0,44,1,80,2
259,38018,170,255,103,32,103,255,0,0
260,38027,4,0,2,0,2,0,0,0
261,38037,231,1,0,0,0,0,0,0
0,38056,0,0,0,0,0,0,0,0
75,38060,0,0,0,0,0,0,0,0
76,38064,0,0,0,0,1,0,10,0
77,38068,168,43,0,0,0,0,5,0
78,38072,0,0,0,0,0,0,0,0
259,38074,32,0,14,32,99,255,0,0
79,38076,0,0,0,0,0,0,0,0
81,38080,0,0,0,0,0,0,0,0
52,38084,0,0,0,0,0,0,0,0
260,38087,255,255,2,0,255,255,0,0
86,38089,58,1,0,0,0,0,0,0
87,38092,2,0,0,0,0,0,0,0
88,38096,0,0,0,0,0,0,0,0
95,38100,0,0,0,0,0,0,0,0
261,38103,227,1,0,0,0,0,0,0
96,38105,56,1,0,0,0,0,0,0
97,38108,2,0,0,0,0,0,0,0
98,38112,0,0,0,0,0,0,0,0
351,38116,0,0,0,0,52,1,78,2
259,38134,104,255,246,31,82,255,0,0
260,38145,2,0,255,255,4,0,0,0
261,38155,241,1,0,0,0,0,0,0
0,38170,0,0,0,0,0,0,0,0
75,38174,0,0,0,0,0,0,0,0
76,38178,0,0,0,0,1,0,10,0
77,38182,168,43,0,0,0,0,5,0
306,38183,151,129,137,125,22,3,58,2
307,38185,1,0,0,0,1,0,1,0
78,38187,0,0,0,0,0,0,0,0
79,38191,0,0,0,0,0,0,0,0
81,38195,0,0,0,0,0,0,0,0
259,38197,53,255,188,32,24,0,0,0
52,38199,0,0,0,0,0,0,0,0
86,38202,58,1,0,0,0,0,0,0
87,38206,2,0,0,0,0,0,0,0
260,38209,253,255,7,0,255,255,0,0
88,38210,0,0,0,0,0,0,0,0
95,38214,0,0,0,0,0,0,0,0
96,38218,56,1,0,0,0,0,0,0
261,38220,229,1,0,0,0,0,0,0
97,38222,2,0,0,0,0,0,0,0
98,38226,0,0,0,0,0,0,0,0
351,38231,0,0,0,0,48,1,86,2
259,38254,151,255,243,31,8,255,0,0
260,38263,1,0,2,0,0,0,0,0
261,38274,227,1,0,0,0,0,0,0
0,38285,0,0,0,0,0,0,0,0
75,38289,0,0,0,0,0,0,0,0
76,38292,0,0,0,0,1,0,10,0
77,38296,168,43,0,0,0,0,5,0
78,38300,0,0,0,0,0,0,0,0
79,38304,0,0,0,0,0,0,0,0
81,38308,0,0,0,0,0,0,0,0
52,38312,0,0,0,0,0,0,0,0
259,38315,218,255,148,31,140,254,0,0
86,38317,58,1,0,0,0,0,0,0
87,38321,2,0,0,0,0,0,0,0
88,38325,0,0,0,0,0,0,0,0
260,38327,2,0,252,255,255,255,0,0
95,38329,0,0,0,0,0,0,0,0
96,38333,56,1,0,0,0,0,0,0
97,38337,2,0,0,0,0,0,0,0
261,38340,227,1,0,0,0,0,0,0
98,38341,0,0,0,0,0,0,0,0
351,38344,0,0,0,0,38,1,86,2
259,38372,66,255,94,32,87,255,0,0
260,38382,251,255,4,0,0,0,0,0
261,38392,243,1,0,0,0,0,0,0
300,38394,252,128,108,129,96,129,54,129
0,38400,0,0,0,0,0,0,0,0
301,38401,218,127,115,127,4,128,204,124
75,38403,0,0,0,0,0,0,0,0
302,38404,94,129,119,129,119,129,252,128
76,38407,0,0,0,0,1,0,10,0
303,38408,252,127,15,128,1,128,254,127
77,38411,168,43,0,0,0,0,5,0
304,38414,97,128,33,128,69,128,62,128
78,38417,0,0,0,0,0,0,0,0
79,38419,0,0,0,0,0,0,0,0
305,38421,135,129,153,129,124,129,120,129
81,38425,0,0,0,0,0,0,0,0
52,38427,0,0,0,0,0,0,0,0
86,38430,58,1,0,0,0,0,0,0
87,38434,2,0,0,0,0,0,0,0
88,38438,0,0,0,0,0,0,0,0
95,38443,0,0,0,0,0,0,0,0
96,38447,56,1,0,0,0,0,0,0
97,38451,2,0,0,0,0,0,0,0
259,38453,121,255,86,32,13,255,0,0
98,38455,0,0,0,0,0,0,0,0
351,38459,0,0,0,0,38,1,78,2
260,38463,1,0,1,0,2,0,0,0
261,38473,220,1,0,0,0,0,0,0
259,38503,140,255,216,31,222,254,0,0
260,38513,1,0,3,0,255,255,0,0
0,38514,0,0,0,0,0,0,0,0
75,38517,0,0,0,0,0,0,0,0
76,38521,0,0,0,0,1,0,10,0
77,38525,168,43,0,0,0,0,5,0
261,38528,218,1,0,0,0,0,0,0
78,38529,0,0,0,0,0,0,0,0
79,38533,0,0,0,0,0,0,0,0
81,38537,0,0,0,0,0,0,0,0
52,38541,0,0,0,0,0,0,0,0
86,38545,58,1,0,0,0,0,0,0
87,38549,2,0,0,0,0,0,0,0
88,38553,0,0,0,0,0,0,0,0
95,38557,0,0,0,0,0,0,0,0
96,38561,56,1,0,0,0,0,0,0
97,38565,2,0,0,0,0,0,0,0
259,38568,70,255,196,31,4,255,0,0
98,38569,0,0,0,0,0,0,0,0
351,38573,0,0,0,0,44,1,80,2
260,38581,4,0,4,0,255,255,0,0
261,38590,243,1,0,0,0,0,0,0
259,38621,152,255,117,32,67,255,0,0
0,38628,0,0,0,0,0,0,0,0
75,38631,0,0,0,0,0,0,0,0
260,38634,10,0,6,0,5,0,0,0
76,38635,0,0,0,0,1,0,10,0
77,38639,168,43,0,0,0,0,5,0
306,38641,153,129,204,124,21,3,58,2
307,38642,1,0,0,0,1,0,1,0
78,38643,0,0,0,0,0,0,0,0
79,38647,0,0,0,0,0,0,0,0
81,38651,0,0,0,0,0,0,0,0
261,38653,225,1,0,0,0,0,0,0
52,38656,0,0,0,0,0,0,0,0
86,38660,58,1,0,0,0,0,0,0
87,38663,2,0,0,0,0,0,0,0
88,38667,0,0,0,0,0,0,0,0
95,38671,0,0,0,0,0,0,0,0
96,38675,56,1,0,0,0,0,0,0
97,38679,2,0,0,0,0,0,0,0
98,38683,0,0,0,0,0,0,0,0
351,38687,0,0,0,0,48,1,88,2
259,38690,134,255,71,32,210,255,0,0
260,38701,253,255,1,0,2,0,0,0
261,38711,233,1,0,0,0,0,0,0
259,38740,156,255,86,32,84,255,0,0
0,38743,0,0,0,0,0,0,0,0
75,38746,0,0,0,0,0,0,0,0
76,38750,0,0,0,0,1,0,10,0
77,38754,168,43,0,0,0,0,5,0
260,38756,253,255,9,0,254,255,0,0
78,38757,0,0,0,0,0,0,0,0
79,38761,0,0,0,0,0,0,0,0
81,38765,0,0,0,0,0,0,0,0
52,38769,0,0,0,0,0,0,0,0
261,38771,237,1,0,0,0,0,0,0
86,38773,58,1,0,0,0,0,0,0
87,38777,2,0,0,0,0,0,0,0
88,38781,0,0,0,0,0,0,0,0
95,38786,0,0,0,0,0,0,0,0
96,38790,56,1,0,0,0,0,0,0
97,38794,2,0,0,0,0,0,0,0
98,38798,0,0,0,0,0,0,0,0
351,38802,0,0,0,0,46,1,86,2
259,38809,90,255,48,32,134,255,0,0
260,38818,1,0,4,0,1,0,0,0
261,38829,229,1,0,0,0,0,0,0
300,38851,3,129,110,129,98,129,66,129
301,38855,227,127,120,127,6,128,135,125
0,38857,0,0,0,0,0,0,0,0
75,38859,0,0,0,0,0,0,0,0
302,38860,100,129,121,129,122,129,16,129
76,38863,0,0,0,0,1,0,10,0
303,38864,255,127,16,128,3,128,0,128
77,38867,168,43,0,0,0,0,5,0
304,38870,99,128,35,128,71,128,63,128
78,38873,0,0,0,0,0,0,0,0
305,38875,137,129,153,129,127,129,122,129
79,38879,0,0,0,0,0,0,0,0
81,38881,0,0,0,0,0,0,0,0
259,38884,95,255,111,32,163,255,0,0
52,38886,0,0,0,0,0,0,0,0
86,38889,58,1,0,0,0,0,0,0
87,38892,2,0,0,0,0,0,0,0
260,38895,255,255,253,255,3,0,0,0
88,38896,0,0,0,0,0,0,0,0
95,38899,0,0,0,0,0,0,0,0
96,38903,56,1,0,0,0,0,0,0
97,38907,2,0,0,0,0,0,0,0
261,38909,248,1,0,0,0,0,0,0
98,38912,0,0,0,0,0,0,0,0
351,38916,0,0,0,0,48,1,88,2
259,38941,11,0,146,32,130,255,0,0
260,38951,250,255,5,0,254,255,0,0
261,38961,234,1,0,0,0,0,0,0
0,38970,0,0,0,0,0,0,0,0
75,38974,0,0,0,0,0,0,0,0
76,38978,0,0,0,0,1,0,10,0
77,38982,168,43,0,0,0,0,5,0
78,38986,0,0,0,0,0,0,0,0
79,38989,0,0,0,0,0,0,0,0
81,38993,0,0,0,0,0,0,0,0
52,38998,0,0,0,0,0,0,0,0
259,39002,206,255,84,32,12,255,0,0
86,39003,58,1,0,0,0,0,0,0
87,39006,2,0,0,0,0,0,0,0
88,39010,0,0,0,0,0,0,0,0
95,39014,0,0,0,0,0,0,0,0
260,39016,255,255,7,0,254,255,0,0
96,39018,56,1,0,0,0,0,0,0
97,39022,2,0,0,0,0,0,0,0
98,39026,0,0,0,0,0,0,0,0
261,39028,235,1,0,0,0,0,0,0
351,39030,0,0,0,0,46,1,78,2
259,39059,250,254,66,32,106,255,0,0
260,39069,252,255,3,0,0,0,0,0
261,39079,237,1,0,0,0,0,0,0
0,39085,0,0,0,0,0,0,0,0
75,39088,0,0,0,0,0,0,0,0
76,39092,0,0,0,0,1,0,10,0
77,39096,168,43,0,0,0,0,5,0
306,39098,153,129,135,125,22,3,58,2
307,39100,1,0,0,0,1,0,1,0
78,39101,0,0,0,0,0,0,0,0
79,39104,0,0,0,0,0,0,0,0
81,39108,0,0,0,0,0,0,0,0
52,39112,0,0,0,0,0,0,0,0
86,39116,58,1,0,0,0,0,0,0
87,39120,2,0,0,0,0,0,0,0
88,39124,0,0,0,0,0,0,0,0
259,39128,208,254,136,32,48,255,0,0
95,39129,0,0,0,0,0,0,0,0
96,39132,56,1,0,0,0,0,0,0
97,39136,2,0,0,0,0,0,0,0
98,39140,0,0,0,0,0,0,0,0
260,39142,254,255,7,0,4,0,0,0
351,39144,0,0,0,0,38,1,88,2
261,39152,229,1,0,0,0,0,0,0
259,39183,233,255,38,32,111,255,0,0
260,39192,255,255,1,0,3,0,0,0
0,39198,0,0,0,0,0,0,0,0
75,39202,0,0,0,0,0,0,0,0
261,39205,233,1,0,0,0,0,0,0
76,39206,0,0,0,0,1,0,10,0
77,39211,168,43,0,0,0,0,5,0
78,39215,0,0,0,0,0,0,0,0
79,39219,0,0,0,0,0,0,0,0
81,39222,0,0,0,0,0,0,0,0
52,39227,0,0,0,0,0,0,0,0
86,39230,58,1,0,0,0,0,0,0
87,39234,2,0,0,0,0,0,0,0
88,39238,0,0,0,0,0,0,0,0
95,39242,0,0,0,0,0,0,0,0
259,39245,123,255,166,32,24,0,0,0
96,39247,56,1,0,0,0,0,0,0
97,39250,2,0,0,0,0,0,0,0
98,39255,0,0,0,0,0,0,0,0
351,39259,0,0,0,0,46,1,84,2
260,39261,255,255,5,255,4,0,0,0
261,39270,231,1,0,0,0,0,0,0
259,39300,213,255,151,31,146,254,0,0
300,39308,255,128,112,129,100,129,58,129
260,39311,255,255,2,0,252,255,0,0
301,39313,222,127,124,127,6,128,194,124
0,39314,0,0,0,0,0,0,0,0
75,39316,0,0,0,0,0,0,0,0
302,39318,97,129,123,129,123,129,0,129
76,39321,0,0,0,0,1,0,10,0
303,39323,0,128,18,128,4,128,1,128
77,39326,168,43,0,0,0,0,5,0
78,39328,0,0,0,0,0,0,0,0
305,39330,137,129,155,129,128,129,122,129
79,39334,0,0,0,0,0,0,0,0
81,39336,0,0,0,0,0,0,0,0
304,39339,99,128,37,128,72,128,64,128
52,39343,0,0,0,0,0,0,0,0
86,39345,58,1,0,0,0,0,0,0
261,39347,241,1,0,0,0,0,0,0
87,39349,2,0,0,0,0,0,0,0
88,39353,0,0,0,0,0,0,0,0
95,39357,0,0,0,0,0,0,0,0
96,39361,56,1,0,0,0,0,0,0
97,39364,2,0,0,0,0,0,0,0
98,39368,0,0,0,0,0,0,0,0
351,39372,0,0,0,0,44,1,82,2
259,39383,160,255,18,32,113,255,0,0
260,39393,255,255,1,0,3,0,0,0
261,39403,230,1,0,0,0,0,0,0
0,39428,0,0,0,0,0,0,0,0
75,39431,0,0,0,0,0,0,0,0
76,39435,0,0,0,0,1,0,10,0
259,39437,64,255,183,31,190,254,0,0
77,39439,168,43,0,0,0,0,5,0
78,39443,0,0,0,0,0,0,0,0
79,39447,0,0,0,0,0,0,0,0
81,39451,0,0,0,0,0,0,0,0
260,39453,1,0,5,0,2,0,0,0
52,39454,0,0,0,0,0,0,0,0
86,39458,58,1,0,0,0,0,0,0
87,39462,2,0,0,0,0,0,0,0
261,39465,235,1,0,0,0,0,0,0
88,39467,0,0,0,0,0,0,0,0
95,39471,0,0,0,0,0,0,0,0
96,39475,56,1,0,0,0,0,0,0
97,39479,2,0,0,0,0,0,0,0
98,39483,0,0,0,0,0,0,0,0
351,39487,0,0,0,0,44,1,80,2
259,39501,90,255,41,32,94,255,0,0
260,39512,253,255,3,0,1,0,0,0
261,39521,235,1,0,0,0,0,0,0
0,39541,0,0,0,0,0,0,0,0
75,39545,0,0,0,0,0,0,0,0
76,39548,0,0,0,0,1,0,10,0
77,39553,168,43,0,0,0,0,5,0
306,39555,155,129,194,124,21,3,58,2
307,39557,1,0,0,0,1,0,1,0
78,39558,0,0,0,0,0,0,0,0
79,39561,0,0,0,0,0,0,0,0
259,39564,139,255,80,32,111,255,0,0
81,39566,0,0,0,0,0,0,0,0
52,39569,0,0,0,0,0,0,0,0
86,39573,58,1,0,0,0,0,0,0
87,39577,2,0,0,0,0,0,0,0
260,39578,254,255,3,0,0,0,0,0
88,39581,0,0,0,0,0,0,0,0
95,39585,0,0,0,0,0,0,0,0
96,39589,56,1,0,0,0,0,0,0
261,39591,243,1,0,0,0,0,0,0
97,39593,2,0,0,0,0,0,0,0
98,39597,0,0,0,0,0,0,0,0
351,39601,0,0,0,0,40,1,86,2
259,39623,87,255,80,32,47,255,0,0
260,39633,0,0,3,0,255,255,0,0
261,39644,245,1,0,0,0,0,0,0
0,39656,0,0,0,0,0,0,0,0
75,39659,0,0,0,0,0,0,0,0
76,39663,0,0,0,0,1,0,10,0
77,39667,168,43,0,0,0,0,5,0
78,39671,0,0,0,0,0,0,0,0
79,39675,0,0,0,0,0,0,0,0
81,39680,0,0,0,0,0,0,0,0
259,39682,135,255,255,31,67,255,0,0
52,39684,0,0,0,0,0,0,0,0
86,39687,58,1,0,0,0,0,0,0
87,39691,2,0,0,0,0,0,0,0
260,39695,255,255,2,0,1,0,0,0
88,39696,0,0,0,0,0,0,0,0
95,39699,0,0,0,0,0,0,0,0
96,39703,56,1,0,0,0,0,0,0
97,39707,2,0,0,0,0,0,0,0
261,39709,227,1,0,0,0,0,0,0
98,39711,0,0,0,0,0,0,0,0
351,39715,0,0,0,0,42,1,80,2
259,39741,75,255,26,32,87,255,0,0
260,39750,254,255,6,0,2,0,0,0
261,39760,235,1,0,0,0,0,0,0
300,39766,6,129,114,129,102,129,69,129
301,39770,231,127,128,127,8,128,123,125
0,39772,0,0,0,0,0,0,0,0
75,39774,0,0,0,0,0,0,0,0
302,39775,103,129,123,129,124,129,19,129
76,39778,0,0,0,0,1,0,10,0
303,39779,2,128,20,128,6,128,2,128
77,39781,168,43,0,0,0,0,5,0
304,39784,100,128,38,128,73,128,64,128
78,39787,0,0,0,0,0,0,0,0
305,39789,139,129,156,129,131,129,124,129
79,39793,0,0,0,0,0,0,0,0
81,39795,0,0,0,0,0,0,0,0
52,39797,0,0,0,0,0,0,0,0
86,39801,58,1,0,0,0,0,0,0
87,39805,2,0,0,0,0,0,0,0
88,39810,0,0,0,0,0,0,0,0
95,39814,0,0,0,0,0,0,0,0
96,39818,56,1,0,0,0,0,0,0
259,39820,170,255,72,32,77,255,0,0
97,39822,2,0,0,0,0,0,0,0
98,39825,0,0,0,0,0,0,0,0
351,39829,0,0,0,0,38,1,78,2
260,39833,253,255,1,0,0,0,0,0
261,39842,227,1,0,0,0,0,0,0
259,39873,156,255,243,31,46,255,0,0
260,39883,255,255,0,0,2,0,0,0
0,39884,0,0,0,0,0,0,0,0
75,39887,0,0,0,0,0,0,0,0
76,39891,0,0,0,0,1,0,10,0
77,39896,168,43,0,0,0,0,5,0
261,39898,227,1,0,0,0,0,0,0
78,39900,0,0,0,0,0,0,0,0
79,39904,0,0,0,0,0,0,0,0
81,39908,0,0,0,0,0,0,0,0
52,39912,0,0,0,0,0,0,0,0
86,39916,58,1,0,0,0,0,0,0
87,39919,2,0,0,0,0,0,0,0
88,39923,0,0,0,0,0,0,0,0
95,39928,0,0,0,0,0,0,0,0
96,39931,56,1,0,0,0,0,0,0
97,39936,2,0,0,0,0,0,0,0
259,39938,158,255,50,32,173,255,0,0,0,0
86,40943,58,1,0,0,0,0,0,0
87,40947,2,0,0,0,0,0,0,0
88,40951,0,0,0,0,0,0,0,0
95,40955,0,0,0,0,0,0,0,0
96,40960,56,1,0,0,0,0,0,0
97,40964,2,0,0,0,0,0,0,0
98,40968,0,0,0,0,0,0,0,0
351,40972,0,0,0,0,42,1,80,2
259,40976,111,255,53,32,73,255,0,0
260,40986,0,0,2,0,0,0,0,0
261,40996,227,1,0,0,0,0,0,0
0,41026,0,0,0,0,0,0,0,0
259,41027,116,255,44,32,67,255,0,0
75,41030,0,0,0,0,0,0,0,0
76,41033,0,0,0,0,1,0,10,0
77,41037,168,43,0,0,0,0,5,0
260,41039,254,255,1,0,255,255,0,0
78,41041,0,0,0,0,0,0,0,0
79,41046,0,0,0,0,0,0,0,0
81,41050,0,0,0,0,0,0,0,0
261,41053,235,1,0,0,0,0,0,0
52,41054,0,0,0,0,0,0,0,0
86,41058,58,1,0,0,0,0,0,0
87,41062,2,0,0,0,0,0,0,0
88,41066,0,0,0,0,0,0,0,0
95,41070,0,0,0,0,0,0,0,0
96,41074,56,1,0,0,0,0,0,0
97,41078,2,0,0,0,0,0,0,0
98,41081,0,0,0,0,0,0,0,0
351,41085,0,0,0,0,44,1,78,2
259,41092,118,255,52,32,83,255,0,0
260,41101,0,0,1,0,1,0,0,0
261,41111,229,1,0,0,0,0,0,0
300,41135,4,129,118,129,105,129,62,129
301,41140,228,127,139,127,10,128,99,124
0,41142,0,0,0,0,0,0,0,0
302,41144,103,129,127,129,128,129,3,129
75,41146,0,0,0,0,0,0,0,0
76,41148,0,0,0,0,1,0,10,0
303,41149,3,128,23,128,10,128,7,128
259,41151,133,255,60,32,86,255,0,0
77,41154,168,43,0,0,0,0,5,0
78,41156,0,0,0,0,0,0,0,0
305,41159,140,129,157,129,134,129,127,129
79,41162,0,0,0,0,0,0,0,0
81,41164,0,0,0,0,0,0,0,0
304,41166,100,128,43,128,77,128,66,128
52,41170,0,0,0,0,0,0,0,0
86,41172,58,1,0,0,0,0,0,0
260,41175,254,255,2,0,1,0,0,0
87,41178,2,0,0,0,0,0,0,0
88,41181,0,0,0,0,0,0,0,0
95,41184,0,0,0,0,0,0,0,0
261,41188,239,1,0,0,0,0,0,0
96,41189,56,1,0,0,0,0,0,0
97,41192,2,0,0,0,0,0,0,0
98,41196,0,0,0,0,0,0,0,0
351,41200,0,0,0,0,44,1,78,2
259,41222,126,255,60,32,85,255,0,0
260,41232,255,255,2,0,0,0,0,0
261,41241,239,1,0,0,0,0,0,0
0,41254,0,0,0,0,0,0,0,0
75,41259,0,0,0,0,0,0,0,0
76,41263,0,0,0,0,1,0,10,0
77,41267,168,43,0,0,0,0,5,0
78,41270,0,0,0,0,0,0,0,0
79,41274,0,0,0,0,0,0,0,0
259,41278,115,255,57,32,90,255,0,0
81,41279,0,0,0,0,0,0,0,0
52,41282,0,0,0,0,0,0,0,0
86,41286,58,1,0,0,0,0,0,0
87,41290,2,0,0,0,0,0,0,0
260,41292,253,255,2,0,1,0,0,0
88,41294,0,0,0,0,0,0,0,0
95,41298,0,0,0,0,0,0,0,0
96,41303,56,1,0,0,0,0,0,0
261,41305,233,1,0,0,0,0,0,0
97,41307,2,0,0,0,0,0,0,0
98,41311,0,0,0,0,0,0,0,0
351,41314,0,0,0,0,28,1,82,2
259,41337,113,255,51,32,90,255,0,0
260,41348,0,0,2,0,0,0,0,0
261,41358,245,1,0,0,0,0,0,0
0,41369,0,0,0,0,0,0,0,0
75,41372,0,0,0,0,0,0,0,0
76,41376,0,0,0,0,1,0,10,0
77,41380,168,43,0,0,0,0,5,0
306,41382,157,129,99,124,21,3,58,2
307,41383,1,0,0,0,1,0,1,0
78,41384,0,0,0,0,0,0,0,0
79,41389,0,0,0,0,0,0,0,0
81,41393,0,0,0,0,0,0,0,0
52,41397,0,0,0,0,0,0,0,0
259,41399,110,255,56,32,81,255,0,0
86,41401,58,1,0,0,0,0,0,0
87,41405,2,0,0,0,0,0,0,0
88,41408,0,0,0,0,0,0,0,0
260,41411,255,255,3,0,1,0,0,0
95,41412,0,0,0,0,0,0,0,0
96,41416,56,1,0,0,0,0,0,0
97,41420,2,0,0,0,0,0,0,0
261,41424,1,2,0,0,0,0,0,0
98,41425,0,0,0,0,0,0,0,0
351,41428,0,0,0,0,46,1,78,2
259,41456,112,255,54,32,81,255,0,0
260,41466,254,255,2,0,0,0,0,0
261,41476,229,1,0,0,0,0,0,0
0,41483,0,0,0,0,0,0,0,0
75,41487,0,0,0,0,0,0,0,0
76,41491,0,0,0,0,1,0,10,0
77,41495,168,43,0,0,0,0,5,0
78,41499,0,0,0,0,0,0,0,0
79,41502,0,0,0,0,0,0,0,0
81,41506,0,0,0,0,0,0,0,0
52,41510,0,0,0,0,0,0,0,0
86,41515,58,1,0,0,0,0,0,0
259,41517,116,255,45,32,85,255,0,0
87,41519,2,0,0,0,0,0,0,0
88,41523,0,0,0,0,0,0,0,0
95,41527,0,0,0,0,0,0,0,0
260,41529,254,255,3,0,1,0,0,0
96,41531,56,1,0,0,0,0,0,0
97,41535,2,0,0,0,0,0,0,0
98,41539,0,0,0,0,0,0,0,0
261,41541,235,1,0,0,0,0,0,0
351,41543,0,0,0,0,48,1,86,2
259,41572,114,255,54,32,80,255,0,0
260,41582,255,255,3,0,0,0,0,0
300,41592,5,129,118,129,107,129,63,129
261,41593,233,1,0,0,0,0,0,0
301,41596,229,127,142,127,11,128,91,124
0,41598,0,0,0,0,0,0,0,0
302,41601,104,129,126,129,130,129,3,129
75,41603,0,0,0,0,0,0,0,0
76,41605,0,0,0,0,1,0,10,0
303,41607,4,128,24,128,11,128,7,128
77,41610,168,43,0,0,0,0,5,0
304,41612,101,128,45,128,77,128,67,128
78,41615,0,0,0,0,0,0,0,0
79,41618,0,0,0,0,0,0,0,0
305,41620,141,129,158,129,136,129,129,129
81,41623,0,0,0,0,0,0,0,0
52,41625,0,0,0,0,0,0,0,0
86,41629,58,1,0,0,0,0,0,0
87,41633,2,0,0,0,0,0,0,0
88,41637,0,0,0,0,0,0,0,0
95,41641,0,0,0,0,0,0,0,0
96,41645,56,1,0,0,0,0,0,0
97,41649,2,0,0,0,0,0,0,0
259,41653,116,255,54,32,82,255,0,0
98,41654,0,0,0,0,0,0,0,0
351,41657,0,0,0,0,48,1,84,2
260,41664,253,255,2,0,1,0,0,0
261,41674,215,1,0,0,0,0,0,0
259,41704,122,255,53,32,86,255,0,0
0,41711,0,0,0,0,0,0,0,0
75,41715,0,0,0,0,0,0,0,0
260,41717,253,255,3,0,0,0,0,0
76,41719,0,0,0,0,1,0,10,0
77,41723,168,43,0,0,0,0,5,0
78,41728,0,0,0,0,0,0,0,0
261,41731,239,1,0,0,0,0,0,0
79,41732,0,0,0,0,0,0,0,0
81,41735,0,0,0,0,0,0,0,0
52,41739,0,0,0,0,0,0,0,0
86,41743,58,1,0,0,0,0,0,0
87,41747,2,0,0,0,0,0,0,0
88,41751,0,0,0,0,0,0,0,0
95,41755,0,0,0,0,0,0,0,0
96,41759,56,1,0,0,0,0,0,0
97,41763,2,0,0,0,0,0,0,0
98,41767,0,0,0,0,0,0,0,0
259,41771,123,255,52,32,78,255,0,0
351,41773,0,0,0,0,48,1,82,2
260,41782,255,255,1,0,1,0,0,0
261,41792,231,1,0,0,0,0,0,0
259,41822,114,255,56,32,78,255,0,0
0,41826,0,0,0,0,0,0,0,0
75,41829,0,0,0,0,0,0,0,0
76,41833,0,0,0,0,1,0,10,0
260,41835,254,255,2,0,2,0,0,0
77,41837,168,43,0,0,0,0,5,0
306,41839,158,129,91,124,21,3,58,2
307,41840,1,0,0,0,1,0,1,0
78,41841,0,0,0,0,0,0,0,0
79,41845,0,0,0,0,0,0,0,0
81,41849,0,0,0,0,0,0,0,0
261,41851,239,1,0,0,0,0,0,0
52,41853,0,0,0,0,0,0,0,0
86,41858,58,1,0,0,0,0,0,0
87,41862,2,0,0,0,0,0,0,0
88,41866,0,0,0,0,0,0,0,0
95,41870,0,0,0,0,0,0,0,0
96,41873,56,1,0,0,0,0,0,0
97,41877,2,0,0,0,0,0,0,0
98,41882,0,0,0,0,0,0,0,0
351,41885,0,0,0,0,42,1,80,2
259,41890,124,255,62,32,82,255,0,0
260,41901,254,255,3,0,1,0,0,0
261,41911,227,1,0,0,0,0,0,0
0,41939,0,0,0,0,0,0,0,0
259,41942,120,255,60,32,81,255,0,0
75,41944,0,0,0,0,0,0,0,0
76,41948,0,0,0,0,1,0,10,0
77,41952,168,43,0,0,0,0,5,0
78,41956,0,0,0,0,0,0,0,0
260,41958,255,255,4,0,1,0,0,0
79,41960,0,0,0,0,0,0,0,0
81,41964,0,0,0,0,0,0,0,0
52,41967,0,0,0,0,0,0,0,0
261,41970,227,1,0,0,0,0,0,0
86,41971,58,1,0,0,0,0,0,0
87,41975,2,0,0,0,0,0,0,0
88,41979,0,0,0,0,0,0,0,0
95,41984,0,0,0,0,0,0,0,0
96,41988,56,1,0,0,0,0,0,0
97,41992,2,0,0,0,0,0,0,0
98,41996,0,0,0,0,0,0,0,0
351,42000,0,0,0,0,46,1,78,2
259,42008,110,255,45,32,68,255,0,0
260,42018,254,255,3,0,0,0,0,0
261,42029,231,1,0,0,0,0,0,0
300,42049,11,129,120,129,108,129,74,129
301,42053,237,127,145,127,12,128,61,125
0,42055,0,0,0,0,0,0,0,0
302,42057,108,129,129,129,129,129,22,129
75,42059,0,0,0,0,0,0,0,0
76,42061,0,0,0,0,1,0,10,0
303,42063,7,128,25,128,11,128,8,128
77,42065,168,43,0,0,0,0,5,0
304,42067,103,128,46,128,78,128,68,128
78,42071,0,0,0,0,0,0,0,0
305,42073,144,129,160,129,137,129,129,129
79,42077,0,0,0,0,0,0,0,0
81,42079,0,0,0,0,0,0,0,0
259,42081,110,255,58,32,74,255,0,0
52,42084,0,0,0,0,0,0,0,0
86,42086,58,1,0,0,0,0,0,0
87,42090,2,0,0,0,0,0,0,0
260,42092,255,255,2,0,1,0,0,0
88,42094,0,0,0,0,0,0,0,0
95,42098,0,0,0,0,0,0,0,0
96,42102,56,1,0,0,0,0,0,0
261,42104,227,1,0,0,0,0,0,0
97,42105,2,0,0,0,0,0,0,0
98,42109,0,0,0,0,0,0,0,0
351,42114,0,0,0,0,36,1,88,2
259,42137,116,255,51,32,74,255,0,0
260,42147,255,255,3,0,0,0,0,0
261,42158,231,1,0,0,0,0,0,0
0,42169,0,0,0,0,0,0,0,0
75,42172,0,0,0,0,0,0,0,0
76,42176,0,0,0,0,1,0,10,0
77,42180,168,43,0,0,0,0,5,0
78,42184,0,0,0,0,0,0,0,0
79,42188,0,0,0,0,0,0,0,0
81,42192,0,0,0,0,0,0,0,0
259,42194,120,255,51,32,70,255,0,0
52,42196,0,0,0,0,0,0,0,0
86,42200,58,1,0,0,0,0,0,0
87,42204,2,0,0,0,0,0,0,0
260,42208,255,255,3,0,0,0,0,0
88,42209,0,0,0,0,0,0,0,0
95,42212,0,0,0,0,0,0,0,0
96,42216,56,1,0,0,0,0,0,0
97,42220,2,0,0,0,0,0,0,0
261,42222,233,1,0,0,0,0,0,0
98,42224,0,0,0,0,0,0,0,0
351,42228,0,0,0,0,64,1,84,2
259,42254,116,255,58,32,79,255,0,0
260,42264,0,0,2,0,1,0,0,0
261,42273,223,1,0,0,0,0,0,0
0,42283,0,0,0,0,0,0,0,0
75,42287,0,0,0,0,0,0,0,0
76,42290,0,0,0,0,1,0,10,0
77,42294,168,43,0,0,0,0,5,0
306,42296,160,129,61,125,22,3,58,2
307,42297,1,0,0,0,1,0,1,0
78,42299,0,0,0,0,0,0,0,0
79,42302,0,0,0,0,0,0,0,0
81,42306,0,0,0,0,0,0,0,0
52,42310,0,0,0,0,0,0,0,0
86,42314,58,1,0,0,0,0,0,0
259,42316,124,255,48,32,86,255,0,0
87,42318,2,0,0,0,0,0,0,0
88,42322,0,0,0,0,0,0,0,0
95,42327,0,0,0,0,0,0,0,0
260,42330,254,255,2,0,1,0,0,0
96,42331,56,1,0,0,0,0,0,0
97,42335,2,0,0,0,0,0,0,0
98,42338,0,0,0,0,0,0,0,0
351,42342,0,0,0,0,38,1,80,2
261,42344,235,1,0,0,0,0,0,0
259,42374,125,255,50,32,69,255,0,0
260,42384,255,255,2,0,1,0,0,0
261,42394,227,1,0,0,0,0,0,0
0,42397,0,0,0,0,0,0,0,0
75,42400,0,0,0,0,0,0,0,0
76,42404,0,0,0,0,1,0,10,0
77,42408,168,43,0,0,0,0,5,0
78,42413,0,0,0,0,0,0,0,0
79,42417,0,0,0,0,0,0,0,0
81,42421,0,0,0,0,0,0,0,0
52,42425,0,0,0,0,0,0,0,0
86,42429,58,1,0,0,0,0,0,0
87,42433,2,0,0,0,0,0,0,0
259,42434,115,255,46,32,80,255,0,0
88,42436,0,0,0,0,0,0,0,0
95,42440,0,0,0,0,0,0,0,0
96,42444,56,1,0,0,0,0,0,0
260,42446,254,255,1,0,1,0,0,0
97,42448,2,0,0,0,0,0,0,0
98,42452,0,0,0,0,0,0,0,0
351,42457,0,0,0,0,38,1,80,2
261,42459,235,1,0,0,0,0,0,0
259,42489,116,255,60,32,72,255,0,0
260,42499,254,255,1,0,1,0,0,0
300,42506,6,129,120,129,110,129,65,129
261,42509,235,1,0,0,0,0,0,0
301,42511,232,127,148,127,12,128,88,124
0,42512,0,0,0,0,0,0,0,0
302,42515,105,129,128,129,131,129,5,129
75,42516,0,0,0,0,0,0,0,0
76,42519,0,0,0,0,1,0,10,0
303,42520,5,128,26,128,12,128,8,128
77,42523,168,43,0,0,0,0,5,0
304,42526,102,128,47,128,79,128,69,128
78,42529,0,0,0,0,0,0,0,0
79,42531,0,0,0,0,0,0,0,0
305,42533,142,129,160,129,138,129,130,129
81,42537,0,0,0,0,0,0,0,0
52,42540,0,0,0,0,0,0,0,0
86,42543,58,1,0,0,0,0,0,0
87,42547,2,0,0,0,0,0,0,0
88,42551,0,0,0,0,0,0,0,0
95,42555,0,0,0,0,0,0,0,0
96,42559,56,1,0,0,0,0,0,0
97,42563,2,0,0,0,0,0,0,0
98,42567,0,0,0,0,0,0,0,0
259,42569,122,255,51,32,66,255,0,0
351,42570,0,0,0,0,48,1,86,2
260,42579,255,255,2,0,0,0,0,0
261,42589,223,1,0,0,0,0,0,0
259,42619,115,255,57,32,83,255,0,0
0,42626,0,0,0,0,0,0,0,0
75,42629,0,0,0,0,0,0,0,0
260,42632,254,255,0,0,1,0,0,0
76,42633,0,0,0,0,1,0,10,0
77,42637,168,43,0,0,0,0,5,0
78,42641,0,0,0,0,0,0,0,0
261,42643,239,1,0,0,0,0,0,0
79,42645,0,0,0,0,0,0,0,0
81,42649,0,0,0,0,0,0,0,0
52,42653,0,0,0,0,0,0,0,0
86,42657,58,1,0,0,0,0,0,0
87,42661,2,0,0,0,0,0,0,0
88,42664,0,0,0,0,0,0,0,0
95,42669,0,0,0,0,0,0,0,0
96,42673,56,1,0,0,0,0,0,0
97,42677,2,0,0,0,0,0,0,0
98,42681,0,0,0,0,0,0,0,0
259,42683,118,255,59,32,70,255,0,0
351,42685,0,0,0,0,42,1,74,2
260,42694,253,255,2,0,1,0,0,0
261,42704,237,1,0,0,0,0,0,0
259,42734,128,255,50,32,78,255,0,0
0,42739,0,0,0,0,0,0,0,0
75,42743,0,0,0,0,0,0,0,0
260,42746,1,0,2,0,0,0,0,0
76,42747,0,0,0,0,1,0,10,0
77,42752,168,43,0,0,0,0,5,0
306,42753,160,129,88,124,22,3,58,2
307,42755,1,0,0,0,1,0,1,0
78,42756,0,0,0,0,0,0,0,0
79,42759,0,0,0,0,0,0,0,0
81,42763,0,0,0,0,0,0,0,0
261,42765,237,1,0,0,0,0,0,0
52,42767,0,0,0,0,0,0,0,0
86,42771,58,1,0,0,0,0,0,0
87,42775,2,0,0,0,0,0,0,0
88,42779,0,0,0,0,0,0,0,0
95,42783,0,0,0,0,0,0,0,0
96,42787,56,1,0,0,0,0,0,0
97,42791,2,0,0,0,0,0,0,0
98,42796,0,0,0,0,0,0,0,0
351,42800,0,0,0,0,38,1,80,2
259,42803,118,255,48,32,70,255,0,0
260,42813,253,255,2,0,2,0,0,0
261,42822,239,1,0,0,0,0,0,0
259,42853,119,255,48,32,70,255,0,0
0,42854,0,0,0,0,0,0,0,0
75,42857,0,0,0,0,0,0,0,0
76,42861,0,0,0,0,1,0,10,0
260,42865,255,255,3,0,1,0,0,0
77,42866,168,43,0,0,0,0,5,0
78,42869,0,0,0,0,0,0,0,0
79,42873,0,0,0,0,0,0,0,0
81,42877,0,0,0,0,0,0,0,0
261,42880,241,1,0,0,0,0,0,0
52,42882,0,0,0,0,0,0,0,0
86,42886,58,1,0,0,0,0,0,0
87,42890,2,0,0,0,0,0,0,0
88,42894,0,0,0,0,0,0,0,0
95,42897,0,0,0,0,0,0,0,0
96,42901,56,1,0,0,0,0,0,0
97,42905,2,0,0,0,0,0,0,0
98,42909,0,0,0,0,0,0,0,0
351,42913,0,0,0,0,44,1,86,2
259,42917,128,255,44,32,73,255,0,0
260,42928,254,255,2,0,1,0,0,0
261,42938,239,1,0,0,0,0,0,0
300,42962,13,129,121,129,111,129,76,129
301,42968,240,127,151,127,14,128,66,125
0,42970,0,0,0,0,0,0,0,0
75,42972,0,0,0,0,0,0,0,0
302,42973,110,129,130,129,132,129,23,129
76,42976,0,0,0,0,1,0,10,0
303,42977,7,128,26,128,13,128,9,128
259,42979,112,255,46,32,71,255,0,0
77,42982,168,43,0,0,0,0,5,0
78,42984,0,0,0,0,0,0,0,0
305,42987,145,129,161,129,139,129,131,129
79,42990,0,0,0,0,0,0,0,0
81,42992,0,0,0,0,0,0,0,0
304,42994,103,128,48,128,80,128,69,128
52,42998,0,0,0,0,0,0,0,0
86,43000,58,1,0,0,0,0,0,0
260,43002,255,255,2,0,0,0,0,0
87,43005,2,0,0,0,0,0,0,0
88,43008,0,0,0,0,0,0,0,0
95,43012,0,0,0,0,0,0,0,0
261,43015,229,1,0,0,0,0,0,0
96,43017,56,1,0,0,0,0,0,0
97,43020,2,0,0,0,0,0,0,0
98,43024,0,0,0,0,0,0,0,0
351,43028,0,0,0,0,42,1,82,2
259,43049,120,255,54,32,73,255,0,0
260,43059,255,255,1,0,0,0,0,0
261,43069,227,1,0,0,0,0,0,0
0,43082,0,0,0,0,0,0,0,0
75,43085,0,0,0,0,0,0,0,0
76,43089,0,0,0,0,1,0,10,0
77,43094,168,43,0,0,0,0,5,0
78,43098,0,0,0,0,0,0,0,0
79,43102,0,0,0,0,0,0,0,0
259,43104,112,255,54,32,77,255,0,0
81,43106,0,0,0,0,0,0,0,0
52,43110,0,0,0,0,0,0,0,0
86,43114,58,1,0,0,0,0,0,0
260,43117,255,255,3,0,1,0,0,0
87,43119,2,0,0,0,0,0,0,0
88,43122,0,0,0,0,0,0,0,0
95,43126,0,0,0,0,0,0,0,0
96,43129,56,1,0,0,0,0,0,0
261,43131,225,1,0,0,0,0,0,0
97,43134,2,0,0,0,0,0,0,0
98,43138,0,0,0,0,0,0,0,0
351,43142,0,0,0,0,42,1,96,2
259,43163,120,255,55,32,67,255,0,0
260,43173,254,255,4,0,1,0,0,0
261,43184,233,1,0,0,0,0,0,0
0,43196,0,0,0,0,0,0,0,0
75,43200,0,0,0,0,0,0,0,0
76,43204,0,0,0,0,1,0,10,0
77,43208,168,43,0,0,0,0,5,0
306,43209,161,129,66,125,22,3,58,2
307,43211,1,0,0,0,1,0,1,0
78,43212,0,0,0,0,0,0,0,0
79,43216,0,0,0,0,0,0,0,0
81,43220,0,0,0,0,0,0,0,0
259,43223,118,255,50,32,80,255,0,0
52,43225,0,0,0,0,0,0,0,0
86,43228,58,1,0,0,0,0,0,0
87,43232,2,0,0,0,0,0,0,0
260,43236,254,255,1,0,1,0,0,0
88,43237,0,0,0,0,0,0,0,0
95,43240,0,0,0,0,0,0,0,0
96,43244,56,1,0,0,0,0,0,0
97,43248,2,0,0,0,0,0,0,0
261,43250,227,1,0,0,0,0,0,0
98,43252,0,0,0,0,0,0,0,0
351,43256,0,0,0,0,52,1,78,2
259,43282,116,255,46,32,70,255,0,0
260,43291,255,255,2,0,1,0,0,0
261,43301,227,1,0,0,0,0,0,0
0,43311,0,0,0,0,0,0,0,0
75,43315,0,0,0,0,0,0,0,0
76,43318,0,0,0,0,1,0,10,0
77,43322,168,43,0,0,0,0,5,0
78,43326,0,0,0,0,0,0,0,0
79,43330,0,0,0,0,0,0,0,0
81,43334,0,0,0,0,0,0,0,0
259,43337,121,255,58,32,83,255,0,0
52,43339,0,0,0,0,0,0,0,0
86,43342,58,1,0,0,0,0,0,0
87,43346,2,0,0,0,0,0,0,0
88,43351,0,0,0,0,0,0,0,0
260,43353,254,255,3,0,1,0,0,0
95,43355,0,0,0,0,0,0,0,0
96,43359,56,1,0,0,0,0,0,0
97,43362,2,0,0,0,0,0,0,0
261,43365,239,1,0,0,0,0,0,0
98,43366,0,0,0,0,0,0,0,0
351,43370,0,0,0,0,54,1,84,2
259,43397,117,255,54,32,70,255,0,0
260,43407,254,255,3,0,0,0,0,0
261,43417,237,1,0,0,0,0,0,0
300,43420,8,129,122,129,112,129,67,129
301,43424,234,127,153,127,14,128,99,124
0,43426,0,0,0,0,0,0,0,0
75,43428,0,0,0,0,0,0,0,0
302,43429,108,129,131,129,133,129,6,129
76,43432,0,0,0,0,1,0,10,0
303,43433,8,128,27,128,14,128,10,128
77,43437,168,43,0,0,0,0,5,0
304,43439,102,128,49,128,81,128,69,128
78,43442,0,0,0,0,0,0,0,0
305,43444,142,129,161,129,140,129,132,129
79,43448,0,0,0,0,0,0,0,0
81,43450,0,0,0,0,0,0,0,0
52,43453,0,0,0,0,0,0,0,0
86,43456,58,1,0,0,0,0,0,0
87,43460,2,0,0,0,0,0,0,0
88,43464,0,0,0,0,0,0,0,0
95,43468,0,0,0,0,0,0,0,0
96,43472,56,1,0,0,0,0,0,0
97,43476,2,0,0,0,0,0,0,0
259,43479,116,255,48,32,72,255,0,0
98,43481,0,0,0,0,0,0,0,0
351,43485,0,0,0,0,46,1,78,2
260,43489,255,255,2,0,1,0,0,0
261,43499,233,1,0,0,0,0,0,0
259,43529,110,255,55,32,71,255,0,0
0,43539,0,0,0,0,0,0,0,0
260,43540,255,255,3,0,1,0,0,0
75,43543,0,0,0,0,0,0,0,0
76,43546,0,0,0,0,1,0,10,0
77,43550,168,43,0,0,0,0,5,0
261,43552,229,1,0,0,0,0,0,0
78,43554,0,0,0,0,0,0,0,0
79,43558,0,0,0,0,0,0,0,0
81,43563,0,0,0,0,0,0,0,0
52,43567,0,0,0,0,0,0,0,0
86,43571,58,1,0,0,0,0,0,0
87,43575,2,0,0,0,0,0,0,0
88,43579,0,0,0,0,0,0,0,0
95,43583,0,0,0,0,0,0,0,0
96,43587,56,1,0,0,0,0,0,0
97,43591,2,0,0,0,0,0,0,0
