259,5812,120,255,35,32,80,255,0,0
260,5822,1,0,1,0,1,0,0,0
261,5832,49,2,0,0,0,0,0,0
0,5833,0,0,0,0,0,0,0,0
75,5837,0,0,0,0,0,0,0,0
76,5841,0,0,0,0,1,0,10,0
77,5846,24,49,0,0,0,0,5,0
78,5850,0,0,0,0,0,0,0,0
79,5854,0,0,0,0,0,0,0,0
81,5857,0,0,0,0,0,0,0,0
52,5861,0,0,0,0,0,0,0,0
86,5865,83,1,0,0,0,0,0,0
87,5869,2,0,0,0,0,0,0,0
259,5871,121,255,29,32,84,255,0,0
88,5873,0,0,0,0,0,0,0,0
95,5877,0,0,0,0,0,0,0,0
96,5881,56,1,0,0,0,0,0,0
260,5883,0,0,1,0,0,0,0,0
97,5885,2,0,0,0,0,0,0,0
98,5890,0,0,0,0,0,0,0,0
351,5894,0,0,0,0,46,1,82,2
261,5897,43,2,0,0,0,0,0,0
259,5927,123,255,36,32,83,255,0,0
260,5937,255,255,2,0,1,0,0,0
306,5944,197,129,111,127,23,3,58,2
307,5945,1,0,0,0,1,0,1,0
0,5948,0,0,0,0,0,0,0,0
75,5951,0,0,0,0,0,0,0,0
261,5954,48,2,0,0,0,0,0,0
76,5955,0,0,0,0,1,0,10,0
77,5959,24,49,0,0,0,0,5,0
78,5963,0,0,0,0,0,0,0,0
79,5967,0,0,0,0,0,0,0,0
81,5971,0,0,0,0,0,0,0,0
52,5976,0,0,0,0,0,0,0,0
86,5980,83,1,0,0,0,0,0,0
87,5984,2,0,0,0,0,0,0,0
88,5988,0,0,0,0,0,0,0,0
95,5992,0,0,0,0,0,0,0,0
259,5994,109,255,36,32,86,255,0,0
96,5996,56,1,0,0,0,0,0,0
97,5999,2,0,0,0,0,0,0,0
98,6003,0,0,0,0,0,0,0,0
260,6006,0,0,0,0,1,0,0,0
351,6007,0,0,0,0,38,1,78,2
261,6018,53,2,0,0,0,0,0,0
259,6047,109,255,41,32,88,255,0,0
260,6057,2,0,2,0,1,0,0,0
0,6062,0,0,0,0,0,0,0,0
75,6066,0,0,0,0,0,0,0,0
261,6069,56,2,0,0,0,0,0,0
76,6070,0,0,0,0,1,0,10,0
77,6074,24,49,0,0,0,0,5,0
78,6078,0,0,0,0,0,0,0,0
79,6082,0,0,0,0,0,0,0,0
81,6086,0,0,0,0,0,0,0,0
52,6089,0,0,0,0,0,0,0,0
86,6093,83,1,0,0,0,0,0,0
87,6097,2,0,0,0,0,0,0,0
88,6102,0,0,0,0,0,0,0,0
95,6106,0,0,0,0,0,0,0,0
259,6109,119,255,33,32,83,255,0,0
96,6110,56,1,0,0,0,0,0,0
97,6114,2,0,0,0,0,0,0,0
98,6118,0,0,0,0,0,0,0,0
260,6121,0,0,2,0,2,0,0,0
351,6123,0,0,0,0,44,1,80,2
261,6132,47,2,0,0,0,0,0,0
300,6154,42,129,166,129,166,129,108,129
301,6158,29,128,11,128,43,128,110,127
302,6163,154,129,170,129,177,129,15,129
303,6167,44,128,68,128,53,128,47,128
259,6170,118,255,36,32,85,255,0,0
304,6172,119,128,96,128,116,128,94,128
305,6175,177,129,198,129,193,129,173,129
0,6177,0,0,0,0,0,0,0,0
75,6180,0,0,0,0,0,0,0,0
76,6184,0,0,0,0,1,0,10,0
77,6188,24,49,0,0,0,0,5,0
78,6192,0,0,0,0,0,0,0,0
79,6196,0,0,0,0,0,0,0,0
260,6199,1,0,1,0,1,0,0,0
81,6200,0,0,0,0,0,0,0,0
52,6204,0,0,0,0,0,0,0,0
86,6208,83,1,0,0,0,0,0,0
261,6211,53,2,0,0,0,0,0,0
87,6213,2,0,0,0,0,0,0,0
88,6216,0,0,0,0,0,0,0,0
95,6220,0,0,0,0,0,0,0,0
96,6224,56,1,0,0,0,0,0,0
97,6228,2,0,0,0,0,0,0,0
98,6232,0,0,0,0,0,0,0,0
351,6236,0,0,0,0,44,1,80,2
259,6249,123,255,39,32,88,255,0,0
260,6258,0,0,2,0,0,0,0,0
261,6268,47,2,0,0,0,0,0,0
0,6291,0,0,0,0,0,0,0,0
75,6294,0,0,0,0,0,0,0,0
76,6298,0,0,0,0,1,0,10,0
259,6301,114,255,39,32,86,255,0,0
77,6302,24,49,0,0,0,0,5,0
78,6306,0,0,0,0,0,0,0,0
79,6310,0,0,0,0,0,0,0,0
260,6313,1,0,1,0,0,0,0,0
81,6315,0,0,0,0,0,0,0,0
52,6319,0,0,0,0,0,0,0,0
86,6322,83,1,0,0,0,0,0,0
87,6326,2,0,0,0,0,0,0,0
261,6328,51,2,0,0,0,0,0,0
88,6330,0,0,0,0,0,0,0,0
95,6334,0,0,0,0,0,0,0,0
96,6338,56,1,0,0,0,0,0,0
97,6342,2,0,0,0,0,0,0,0
98,6346,0,0,0,0,0,0,0,0
351,6350,0,0,0,0,44,1,78,2
259,6364,120,255,30,32,86,255,0,0
260,6374,255,255,255,255,0,0,0,0
261,6384,39,2,0,0,0,0,0,0
306,6401,198,129,110,127,23,3,58,2
307,6403,1,0,0,0,1,0,1,0
0,6405,0,0,0,0,0,0,0,0
75,6409,0,0,0,0,0,0,0,0
76,6413,0,0,0,0,1,0,10,0
77,6416,24,49,0,0,0,0,5,0
78,6420,0,0,0,0,0,0,0,0
259,6423,117,255,37,32,77,255,0,0
79,6425,0,0,0,0,0,0,0,0
81,6428,0,0,0,0,0,0,0,0
52,6432,0,0,0,0,0,0,0,0
86,6436,83,1,0,0,0,0,0,0
260,6438,1,0,1,0,0,0,0,0
87,6440,2,0,0,0,0,0,0,0
88,6445,0,0,0,0,0,0,0,0
95,6449,0,0,0,0,0,0,0,0
261,6451,47,2,0,0,0,0,0,0
96,6453,56,1,0,0,0,0,0,0
97,6457,2,0,0,0,0,0,0,0
98,6460,0,0,0,0,0,0,0,0
351,6464,0,0,0,0,46,1,76,2
259,6486,121,255,41,32,84,255,0,0
260,6495,1,0,1,0,1,0,0,0
261,6505,53,2,0,0,0,0,0,0
0,6519,0,0,0,0,0,0,0,0
75,6522,0,0,0,0,0,0,0,0
76,6526,0,0,0,0,1,0,10,0
77,6531,24,49,0,0,0,0,5,0
78,6535,0,0,0,0,0,0,0,0
79,6539,0,0,0,0,0,0,0,0
259,6541,110,255,28,32,85,255,0,0
81,6543,0,0,0,0,0,0,0,0
52,6547,0,0,0,0,0,0,0,0
86,6551,83,1,0,0,0,0,0,0
260,6553,0,0,2,0,1,0,0,0
87,6555,2,0,0,0,0,0,0,0
88,6558,0,0,0,0,0,0,0,0
95,6562,0,0,0,0,0,0,0,0
261,6566,51,2,0,0,0,0,0,0
96,6567,56,1,0,0,0,0,0,0
97,6571,2,0,0,0,0,0,0,0
98,6575,0,0,0,0,0,0,0,0
351,6579,0,0,0,0,44,1,80,2
259,6600,116,255,30,32,82,255,0,0
260,6610,0,0,0,255,0,0,0,0
300,6611,41,129,165,129,166,129,107,129
301,6616,29,128,11,128,44,128,110,127
302,6620,154,129,170,129,177,129,16,129
303,6624,44,128,67,128,51,128,47,128
304,6628,118,128,96,128,116,128,94,128
261,6632,37,2,0,0,0,0,0,0
305,6633,176,129,197,129,193,129,173,129
0,6635,0,0,0,0,0,0,0,0
75,6637,0,0,0,0,0,0,0,0
76,6641,0,0,0,0,1,0,10,0
77,6645,24,49,0,0,0,0,5,0
78,6648,0,0,0,0,0,0,0,0
79,6652,0,0,0,0,0,0,0,0
81,6657,0,0,0,0,0,0,0,0
52,6661,0,0,0,0,0,0,0,0
86,6665,83,1,0,0,0,0,0,0
87,6669,2,0,0,0,0,0,0,0
88,6673,0,0,0,0,0,0,0,0
95,6677,0,0,0,0,0,0,0,0
96,6681,56,1,0,0,0,0,0,0
259,6683,114,255,44,32,84,255,0,0
97,6685,2,0,0,0,0,0,0,0
98,6689,0,0,0,0,0,0,0,0
351,6692,0,0,0,0,42,1,82,2
260,6696,255,255,1,0,1,0,0,0
261,6707,63,2,0,0,0,0,0,0
259,6736,119,255,38,32,80,255,0,0
260,6747,255,255,2,0,0,0,0,0
0,6748,0,0,0,0,0,0,0,0
75,6751,0,0,0,0,0,0,0,0
76,6755,0,0,0,0,1,0,10,0
261,6759,51,2,0,0,0,0,0,0
77,6760,24,49,0,0,0,0,5,0
78,6763,0,0,0,0,0,0,0,0
79,6767,0,0,0,0,0,0,0,0
81,6771,0,0,0,0,0,0,0,0
52,6775,0,0,0,0,0,0,0,0
86,6779,83,1,0,0,0,0,0,0
87,6784,2,0,0,0,0,0,0,0
88,6787,0,0,0,0,0,0,0,0
95,6791,0,0,0,0,0,0,0,0
96,6795,56,1,0,0,0,0,0,0
259,6799,122,255,29,32,88,255,0,0
97,6800,2,0,0,0,0,0,0,0
98,6803,0,0,0,0,0,0,0,0
351,6807,0,0,0,0,48,1,74,2
260,6812,0,0,0,0,2,0,0,0
261,6821,45,2,0,0,0,0,0,0
259,6852,114,255,39,32,82,255,0,0
306,6857,197,129,110,127,23,3,58,2
307,6859,1,0,0,0,1,0,1,0
0,6861,0,0,0,0,0,0,0,0
75,6865,0,0,0,0,0,0,0,0
260,6867,1,0,0,0,0,0,0,0
76,6870,0,0,0,0,1,0,10,0
77,6874,24,49,0,0,0,0,5,0
78,6878,0,0,0,0,0,0,0,0
261,6881,49,2,0,0,0,0,0,0
79,6882,0,0,0,0,0,0,0,0
81,6885,0,0,0,0,0,0,0,0
52,6889,0,0,0,0,0,0,0,0
86,6893,83,1,0,0,0,0,0,0
87,6897,2,0,0,0,0,0,0,0
88,6901,0,0,0,0,0,0,0,0
95,6905,0,0,0,0,0,0,0,0
96,6909,56,1,0,0,0,0,0,0
97,6914,2,0,0,0,0,0,0,0
98,6918,0,0,0,0,0,0,0,0
259,6921,116,255,37,32,86,255,0,0
351,6923,0,0,0,0,48,1,78,2
260,6932,255,255,0,0,1,0,0,0
261,6942,60,2,0,0,0,0,0,0
259,6972,116,255,33,32,81,255,0,0
0,6976,0,0,0,0,0,0,0,0
75,6979,0,0,0,0,0,0,0,0
76,6983,0,0,0,0,1,0,10,0
260,6985,0,0,2,0,1,0,0,0
77,6987,24,49,0,0,0,0,5,0
78,6991,0,0,0,0,0,0,0,0
79,6995,0,0,0,0,0,0,0,0
261,6999,54,2,0,0,0,0,0,0
81,7000,0,0,0,0,0,0,0,0
52,7004,0,0,0,0,0,0,0,0
86,7008,83,1,0,0,0,0,0,0
87,7012,2,0,0,0,0,0,0,0
88,7016,0,0,0,0,0,0,0,0
95,7019,0,0,0,0,0,0,0,0
96,7023,56,1,0,0,0,0,0,0
97,7027,2,0,0,0,0,0,0,0
98,7031,0,0,0,0,0,0,0,0
351,7035,0,0,0,0,64,1,84,2
259,7038,115,255,37,32,93,255,0,0
260,7049,2,0,255,255,0,0,0,0
261,7058,58,2,0,0,0,0,0,0
300,7068,47,129,166,129,167,129,118,129
301,7072,37,128,11,128,45,128,151,127
302,7076,158,129,170,129,177,129,34,129
303,7080,45,128,66,128,54,128,48,128
304,7085,120,128,96,128,116,128,94,128
305,7090,179,129,199,129,192,129,173,129
0,7092,0,0,0,0,0,0,0,0
75,7094,0,0,0,0,0,0,0,0
76,7098,0,0,0,0,1,0,10,0
77,7102,24,49,0,0,0,0,5,0
78,7106,0,0,0,0,0,0,0,0
79,7110,0,0,0,0,0,0,0,0
259,7113,126,255,36,32,86,255,0,0
81,7115,0,0,0,0,0,0,0,0
52,7117,0,0,0,0,0,0,0,0
86,7121,83,1,0,0,0,0,0,0
87,7126,2,0,0,0,0,0,0,0
260,7128,1,0,1,0,1,0,0,0
88,7130,0,0,0,0,0,0,0,0
95,7134,0,0,0,0,0,0,0,0
96,7138,56,1,0,0,0,0,0,0
261,7141,47,2,0,0,0,0,0,0
97,7142,2,0,0,0,0,0,0,0
98,7146,0,0,0,0,0,0,0,0
351,7150,0,0,0,0,44,1,80,2
259,7174,120,255,34,32,86,255,0,0
260,7184,255,255,1,0,1,0,0,0
261,7193,55,2,0,0,0,0,0,0
0,7204,0,0,0,0,0,0,0,0
75,7207,0,0,0,0,0,0,0,0
76,7212,0,0,0,0,1,0,10,0
77,7216,24,49,0,0,0,0,5,0
78,7220,0,0,0,0,0,0,0,0
79,7224,0,0,0,0,0,0,0,0
81,7228,0,0,0,0,0,0,0,0
259,7230,117,255,33,32,85,255,0,0
52,7232,0,0,0,0,0,0,0,0
86,7236,83,1,0,0,0,0,0,0
87,7240,2,0,0,0,0,0,0,0
260,7242,255,255,1,0,0,0,0,0
88,7244,0,0,0,0,0,0,0,0
95,7248,0,0,0,0,0,0,0,0
96,7251,56,1,0,0,0,0,0,0
261,7256,47,2,0,0,0,0,0,0
97,7257,2,0,0,0,0,0,0,0
98,7260,0,0,0,0,0,0,0,0
351,7264,0,0,0,0,42,1,78,2
259,7288,116,255,27,32,84,255,0,0
260,7299,255,255,255,255,0,0,0,0
261,7309,39,2,0,0,0,0,0,0
306,7315,199,129,151,127,23,3,58,2
307,7316,1,0,0,0,1,0,1,0
0,7318,0,0,0,0,0,0,0,0
75,7322,0,0,0,0,0,0,0,0
76,7326,0,0,0,0,1,0,10,0
77,7330,24,49,0,0,0,0,5,0
78,7334,0,0,0,0,0,0,0,0
79,7339,0,0,0,0,0,0,0,0
81,7343,0,0,0,0,0,0,0,0
52,7346,0,0,0,0,0,0,0,0
259,7349,119,255,41,32,86,255,0,0
86,7351,83,1,0,0,0,0,0,0
87,7354,2,0,0,0,0,0,0,0
88,7358,0,0,0,0,0,0,0,0
260,7362,0,0,0,0,0,0,0,0
95,7363,0,0,0,0,0,0,0,0
96,7366,56,1,0,0,0,0,0,0
97,7370,2,0,0,0,0,0,0,0
98,7374,0,0,0,0,0,0,0,0
261,7376,49,2,0,0,0,0,0,0
351,7378,0,0,0,0,46,1,82,2
259,7407,121,255,27,32,79,255,0,0
260,7417,0,0,0,0,1,0,0,0
261,7427,53,2,0,0,0,0,0,0
0,7433,0,0,0,0,0,0,0,0
75,7437,0,0,0,0,0,0,0,0
76,7440,0,0,0,0,1,0,10,0
77,7444,24,49,0,0,0,0,5,0
78,7448,0,0,0,0,0,0,0,0
79,7452,0,0,76,29,0,0,0,0
81,7456,0,0,0,0,0,0,0,0
52,7460,0,0,0,0,0,0,0,0
259,7464,123,255,31,32,75,255,0,0
86,7465,83,1,0,0,0,0,0,0
87,7469,2,0,0,0,0,0,0,0
88,7473,0,0,76,29,0,0,0,0
95,7477,0,0,0,0,0,0,0,0
260,7479,255,255,1,0,0,0,0,0
96,7481,56,1,0,0,0,0,0,0
97,7484,2,0,0,0,0,0,0,0
98,7488,0,0,0,0,0,0,0,0
261,7491,51,2,0,0,0,0,0,0
351,7492,0,0,0,0,44,1,88,2
259,7522,114,255,34,32,82,255,0,0
300,7525,42,129,166,129,166,129,108,129
301,7529,30,128,11,128,44,128,110,127
302,7533,155,129,170,129,177,129,16,129
260,7537,255,255,2,0,255,255,0,0
303,7539,44,128,68,128,52,128,47,128
304,7542,119,128,95,128,116,128,94,128
305,7546,177,129,198,129,192,129,172,129
0,7548,0,0,0,0,0,0,0,0
75,7550,0,0,0,0,0,0,0,0
76,7555,0,0,0,0,1,0,10,0
77,7559,36,49,0,0,0,0,5,0
78,7563,0,0,0,0,0,0,0,0
261,7566,45,2,0,0,0,0,0,0
79,7568,0,0,76,29,0,0,0,0
81,7571,0,0,0,0,0,0,0,0
52,7575,0,0,26,0,0,0,0,0
86,7578,83,1,0,0,0,0,0,0
87,7582,2,0,0,0,0,0,0,0
88,7586,0,0,76,29,254,255,0,0
95,7590,0,0,0,0,0,0,0,0
96,7595,56,1,0,0,0,0,0,0
97,7599,2,0,0,0,0,0,0,0
98,7603,0,0,0,0,0,0,0,0
259,7607,117,255,36,32,87,255,0,0
351,7608,0,0,0,0,42,1,80,2
260,7617,255,255,1,0,1,0,0,0
261,7627,60,2,0,0,0,0,0,0
259,7657,117,255,39,32,90,255,0,0
0,7661,0,0,0,0,0,0,0,0
75,7665,0,0,0,0,0,0,0,0
260,7668,0,0,255,255,0,0,0,0
76,7669,0,0,0,0,1,0,10,0
77,7672,58,49,0,0,0,0,5,0
78,7677,0,0,0,0,0,0,0,0
79,7681,0,0,76,29,0,0,0,0
261,7684,43,2,0,0,0,0,0,0
81,7685,0,0,0,0,0,0,0,0
52,7689,0,0,170,0,0,0,0,0
86,7693,83,1,0,0,0,0,0,0
87,7697,2,0,0,0,0,0,0,0
88,7701,0,0,76,29,239,255,0,0
95,7705,1,0,0,0,0,0,0,0
96,7709,56,1,0,0,0,0,0,0
97,7713,2,0,0,0,0,0,0,0
98,7716,0,0,0,0,0,0,0,0
351,7720,0,0,0,0,46,1,78,2
259,7723,122,255,34,32,87,255,0,0
260,7733,0,0,0,0,0,0,0,0
261,7743,50,2,0,0,0,0,0,0
306,7772,198,129,110,127,23,3,58,2
307,7773,1,0,0,0,1,0,1,0
0,7776,0,0,0,0,0,0,0,0
259,7779,118,255,40,32,87,255,0,0
75,7780,0,0,0,0,0,0,0,0
76,7783,0,0,0,0,1,0,10,0
77,7787,70,49,0,0,0,0,5,0
78,7791,0,0,0,0,0,0,0,0
260,7793,1,0,0,0,1,0,0,0
79,7795,0,0,76,29,0,0,0,0
81,7799,0,0,0,0,0,0,0,0
52,7803,0,0,95,254,0,0,0,0
261,7805,60,2,0,0,0,0,0,0
86,7808,83,1,0,0,0,0,0,0
87,7811,2,0,0,0,0,0,0,0
88,7815,0,0,76,29,213,255,0,0
95,7819,4,0,0,0,0,0,0,0
96,7823,56,1,0,0,0,0,0,0
97,7827,2,0,0,0,0,0,0,0
98,7831,0,0,0,0,0,0,0,0
351,7835,0,0,0,0,48,1,78,2
259,7843,110,255,32,32,80,255,0,0
260,7854,0,0,0,0,1,0,0,0
261,7864,56,2,0,0,0,0,0,0
0,7889,0,0,0,0,0,0,0,0
75,7894,0,0,0,0,0,0,0,0
259,7896,111,255,32,32,90,255,0,0
76,7898,0,0,0,0,1,0,10,0
77,7902,81,49,0,0,0,0,5,0
78,7905,0,0,0,0,0,0,0,0
260,7908,0,0,1,0,1,0,0,0
79,7909,0,0,76,29,0,0,0,0
81,7913,0,0,0,0,0,0,0,0
52,7917,0,0,50,253,0,0,0,0
261,7921,56,2,0,0,0,0,0,0
86,7922,83,1,0,0,0,0,0,0
87,7925,2,0,0,0,0,0,0,0
88,7929,0,0,76,29,178,255,0,0
95,7933,9,0,0,0,0,0,0,0
96,7938,56,1,0,0,0,0,0,0
97,7942,2,0,0,0,0,0,0,0
98,7946,0,0,0,0,0,0,0,0
351,7949,0,0,0,0,48,1,82,2
259,7959,124,255,40,32,91,255,0,0
260,7969,0,0,1,0,1,0,0,0
261,7979,47,2,0,0,0,0,0,0
300,7982,15,129,71,129,211,128,17,129
301,7987,229,127,21,127,239,124,249,123
302,7991,109,129,100,129,67,129,213,128
303,7995,21,128,211,127,157,126,177,127
304,7999,121,128,172,124,182,127,45,128
305,8003,176,129,129,129,7,129,60,129
0,8005,0,0,0,0,0,0,0,0
75,8007,0,0,0,0,0,0,0,0
76,8011,0,0,0,0,1,0,10,0
77,8015,92,49,0,0,0,0,5,0
78,8019,0,0,0,0,0,0,0,0
79,8024,0,0,76,29,0,0,0,0
81,8028,0,0,0,0,0,0,0,0
52,8032,0,0,39,251,0,0,0,0
259,8035,99,255,29,32,76,255,0,0
86,8037,83,1,0,0,0,0,0,0
87,8040,2,0,0,0,0,0,0,0
88,8043,0,0,76,29,134,255,0,0
95,8047,12,0,0,0,0,0,0,0
260,8049,0,0,0,0,0,0,0,0
96,8051,56,1,0,0,0,0,0,0
97,8055,2,0,0,0,0,0,0,0
98,8059,0,0,0,0,0,0,0,0
261,8062,47,2,0,0,0,0,0,0
351,8064,0,0,0,0,44,1,86,2
259,8093,121,255,29,32,88,255,0,0
260,8103,2,0,0,0,0,0,0,0
261,8114,44,2,0,0,0,0,0,0
0,8118,0,0,0,0,0,0,0,0
75,8122,0,0,0,0,0,0,0,0
76,8126,0,0,0,0,1,0,10,0
77,8130,104,49,0,0,0,0,5,0
78,8134,0,0,0,0,0,0,0,0
79,8137,0,0,76,29,0,0,0,0
81,8141,0,0,0,0,0,0,0,0
52,8145,0,0,213,249,0,0,0,0
86,8150,83,1,0,0,0,0,0,0
259,8152,122,255,49,32,89,255,0,0
87,8154,2,0,0,0,0,0,0,0
88,8158,0,0,76,29,106,255,0,0
95,8162,15,0,0,0,0,0,0,0
260,8165,0,0,0,0,1,0,0,0
96,8166,56,1,0,0,0,0,0,0
97,8170,2,0,0,0,0,0,0,0
98,8174,0,0,0,0,0,0,0,0
261,8177,47,2,0,0,0,0,0,0
351,8178,0,0,0,0,38,1,88,2
259,8209,106,255,18,32,84,255,0,0
260,8218,0,0,0,0,255,255,0,0
261,8228,56,2,0,0,0,0,0,0
306,8229,176,129,249,123,18,3,58,2
307,8231,1,0,0,0,1,0,1,0
0,8232,0,0,0,0,0,0,0,0
75,8236,0,0,0,0,0,0,0,0
76,8240,0,0,0,0,1,0,10,0
77,8244,115,49,0,0,0,0,5,0
78,8248,0,0,0,0,0,0,0,0
79,8252,0,0,8,29,0,0,0,0
81,8256,0,0,0,0,0,0,0,0
52,8260,0,0,128,248,0,0,0,0
86,8264,83,1,0,0,0,0,0,0
87,8268,2,0,0,0,0,0,0,0
88,8272,0,0,8,29,76,255,0,0
259,8274,112,255,38,32,91,255,0,0
95,8276,19,0,0,0,0,0,0,0
96,8280,56,1,0,0,0,0,0,0
97,8284,2,0,0,0,0,0,0,0
260,8288,255,255,1,0,1,0,0,0
98,8289,0,0,0,0,0,0,0,0
351,8292,0,0,0,0,42,1,78,2
261,8300,53,2,0,0,0,0,0,0
259,8330,121,255,35,32,105,255,0,0
260,8340,255,255,0,0,1,0,0,0
0,8346,0,0,0,0,0,0,0,0
75,8350,0,0,0,0,0,0,0,0
261,8352,53,2,0,0,0,0,0,0
76,8354,0,0,0,0,1,0,10,0
77,8358,126,49,0,0,0,0,5,0
78,8363,0,0,0,0,0,0,0,0
79,8366,0,0,92,25,0,0,0,0
81,8370,0,0,0,0,0,0,0,0
52,8374,0,0,191,246,0,0,0,0
86,8379,83,1,0,0,0,0,0,0
87,8382,2,0,0,0,0,0,0,0
88,8386,0,0,45,27,27,255,0,0
95,8390,21,0,0,0,0,0,0,0
259,8392,96,255,10,32,44,255,0,0
96,8394,56,1,0,0,0,0,0,0
97,8398,2,0,0,0,0,0,0,0
98,8402,0,0,0,0,0,0,0,0
260,8404,255,255,255,255,2,0,0,0
351,8407,0,0,0,0,46,1,80,2
261,8416,49,2,0,0,0,0,0,0
300,8439,139,128,8,128,174,125,205,127
301,8443,5,127,158,123,115,117,140,116
259,8446,122,255,6,32,76,255,0,0
302,8449,186,128,103,128,146,127,17,128
303,8452,173,127,94,126,45,120,10,126
304,8456,126,128,85,116,11,125,126,127
305,8461,153,129,157,128,65,126,194,127
0,8463,0,0,0,0,0,0,0,0
75,8464,0,0,0,0,0,0,0,0
76,8468,0,0,0,0,1,0,10,0
77,8472,144,49,0,0,0,0,5,0
78,8476,0,0,0,0,0,0,0,0
260,8478,0,0,3,0,1,0,0,0
79,8480,0,0,125,22,0,0,0,0
81,8484,0,0,0,0,0,0,0,0
52,8488,0,0,170,245,0,0,0,0
261,8492,53,2,0,0,0,0,0,0
86,8493,83,1,0,0,0,0,0,0
87,8497,2,0,0,0,0,0,0,0
88,8501,0,0,47,24,243,254,0,0
95,8505,22,0,0,0,0,0,0,0
96,8508,56,1,0,0,0,0,0,0
97,8512,2,0,0,0,0,0,0,0
98,8516,0,0,0,0,0,0,0,0
351,8520,0,0,0,0,40,1,80,2
259,8529,110,255,33,32,80,255,0,0
260,8539,1,0,1,0,2,0,0,0
261,8549,51,2,0,0,0,0,0,0
0,8574,0,0,0,0,0,0,0,0
75,8579,0,0,0,0,0,0,0,0
259,8583,125,255,71,32,73,255,0,0
76,8584,0,0,0,0,1,0,10,0
77,8587,152,49,0,0,0,0,5,0
78,8591,0,0,0,0,0,0,0,0
79,8595,0,0,142,19,0,0,0,0
260,8597,1,0,2,0,0,0,0,0
81,8599,0,0,0,0,0,0,0,0
52,8602,0,0,114,244,0,0,0,0
86,8606,83,1,0,0,0,0,0,0
261,8609,42,2,0,0,0,0,0,0
87,8610,2,0,0,0,0,0,0,0
88,8614,0,0,80,21,223,254,0,0
95,8619,21,0,0,0,0,0,0,0
96,8623,56,1,0,0,0,0,0,0
97,8627,2,0,0,0,0,0,0,0
98,8631,0,0,0,0,0,0,0,0
351,8635,0,0,0,0,48,1,80,2
259,8646,141,255,44,32,93,255,0,0
260,8656,255,255,1,0,0,0,0,0
261,8667,49,2,0,0,0,0,0,0
306,8685,153,129,85,116,4,3,58,2
307,8687,1,0,0,0,1,0,1,0
0,8689,0,0,0,0,0,0,0,0
75,8693,0,0,0,0,0,0,0,0
76,8696,0,0,0,0,1,0,10,0
77,8700,158,49,0,0,0,0,5,0
78,8705,0,0,0,0,0,0,0,0
259,8707,126,255,22,32,62,255,0,0
79,8709,0,0,161,16,0,0,0,0
81,8713,0,0,0,0,0,0,0,0
52,8717,0,0,1,243,0,0,0,0
260,8720,255,255,2,0,1,0,0,0
86,8721,83,1,0,0,0,0,0,0
87,8725,2,0,0,0,0,0,0,0
88,8729,0,0,161,16,9,255,0,0
261,8732,56,2,0,0,0,0,0,0
95,8733,9,0,0,0,0,0,0,0
96,8737,56,1,0,0,0,0,0,0
97,8740,2,0,0,0,0,0,0,0
98,8744,0,0,0,0,0,0,0,0
351,8749,0,0,0,0,40,1,86,2
259,8768,38,255,110,32,50,255,0,0
260,8777,254,255,1,0,2,0,0,0
261,8787,58,2,0,0,0,0,0,0
0,8803,0,0,0,0,0,0,0,0
75,8807,0,0,0,0,0,0,0,0
76,8811,0,0,0,0,1,0,10,0
77,8815,164,49,0,0,0,0,5,0
78,8819,0,0,0,0,0,0,0,0
259,8822,141,255,195,31,60,255,0,0
79,8824,0,0,135,12,0,0,0,0
81,8827,0,0,0,0,0,0,0,0
52,8832,0,0,250,241,0,0,0,0
86,8835,83,1,0,0,0,0,0,0
260,8837,252,255,1,0,2,0,0,0
87,8839,2,0,0,0,0,0,0,0
88,8843,0,0,179,13,60,0,0,0
95,8847,2,0,0,0,0,0,0,0
261,8850,35,2,0,0,0,0,0,0
96,8851,56,1,0,0,0,0,0,0
97,8855,2,0,0,0,0,0,0,0
98,8859,0,0,0,0,0,0,0,0
351,8863,0,0,0,0,44,1,80,2
259,8884,74,255,90,32,120,255,0,0
260,8894,255,255,0,0,0,0,0,0
300,8896,231,127,215,126,50,122,171,126
301,8900,251,125,49,120,210,113,250,114
302,8904,226,127,98,127,169,125,64,128
261,8909,56,2,0,0,0,0,0,0
303,8910,52,127,7,125,51,112,137,124
304,8913,137,128,7,115,91,122,123,126
305,8918,130,129,202,127,37,123,113,126
0,8920,0,0,0,0,0,0,0,0
75,8922,0,0,0,0,0,0,0,0
76,8925,0,0,0,0,1,0,10,0
77,8930,168,49,0,0,0,0,5,0
78,8933,0,0,0,0,0,0,0,0
79,8937,0,0,149,11,0,0,0,0
81,8941,0,0,0,0,0,0,0,0
52,8945,0,0,66,12,0,0,0,0
86,8949,83,1,0,0,0,0,0,0
87,8953,2,0,0,0,0,0,0,0
88,8957,0,0,119,11,67,1,0,0
95,8962,12,0,0,0,0,0,0,0
259,8964,224,255,26,33,104,0,0,0
96,8966,56,1,0,0,0,0,0,0
97,8970,2,0,0,0,0,0,0,0
98,8973,0,0,0,0,0,0,0,0
260,8976,0,0,255,255,3,0,0,0
351,8977,0,0,0,0,46,1,80,2
261,8987,51,2,0,0,0,0,0,0
259,9017,118,255,94,32,9,255,0,0
260,9027,251,255,13,0,0,0,0,0
0,9032,0,0,0,0,0,0,0,0
75,9035,0,0,0,0,0,0,0,0
261,9038,53,2,0,0,0,0,0,0
76,9039,0,0,0,0,1,0,10,0
77,9043,173,49,0,0,0,0,5,0
78,9048,0,0,0,0,0,0,0,0
79,9052,0,0,224,11,0,0,0,0
81,9056,0,0,0,0,0,0,0,0
52,9060,0,0,207,7,0,0,0,0
86,9063,82,1,0,0,0,0,0,0
87,9067,2,0,0,0,0,0,0,0
88,9071,0,0,224,11,149,1,0,0
95,9075,16,0,0,0,0,0,0,0
259,9078,17,255,246,31,11,255,0,0
96,9080,56,1,0,0,0,0,0,0
97,9083,2,0,1,0,0,0,0,0
98,9088,0,0,0,0,0,0,0,0
351,9092,0,0,0,0,42,1,80,2
260,9094,2,0,248,255,2,0,0,0
261,9103,58,2,0,0,0,0,0,0
259,9134,195,255,247,31,36,255,0,0
306,9143,130,129,51,112,249,2,58,2
307,9144,1,0,0,0,1,0,1,0
0,9146,0,0,0,0,0,0,0,0
75,9150,0,0,0,0,0,0,0,0
260,9151,4,0,2,0,0,0,0,0
76,9154,0,0,0,0,1,0,10,0
77,9157,177,49,0,0,0,0,5,0
78,9161,0,0,0,0,0,0,0,0
261,9163,56,2,0,0,0,0,0,0
79,9165,0,0,88,12,0,0,0,0
81,9169,0,0,0,0,0,0,0,0
52,9174,0,0,24,4,0,0,0,0
86,9178,82,1,0,0,0,0,0,0
87,9182,2,0,0,0,0,0,0,0
88,9186,0,0,43,12,105,1,0,0
95,9190,15,0,0,0,0,0,0,0
96,9194,56,1,0,0,0,0,0,0
97,9198,2,0,1,0,0,0,0,0
98,9202,0,0,0,0,0,0,0,0
259,9204,116,255,65,32,250,254,0,0
351,9205,0,0,0,0,40,1,84,2
260,9214,250,255,6,0,2,0,0,0
261,9225,45,2,0,0,0,0,0,0
259,9254,52,255,212,31,98,255,0,0
0,9261,0,0,0,0,0,0,0,0
75,9264,0,0,0,0,0,0,0,0
260,9267,1,0,255,255,3,0,0,0
76,9268,0,0,0,0,1,0,10,0
77,9272,187,49,0,0,0,0,5,0
78,9276,0,0,0,0,0,0,0,0
261,9279,49,2,0,0,0,0,0,0
79,9280,0,0,165,12,0,0,0,0
81,9284,0,0,0,0,0,0,0,0
52,9288,0,0,40,3,0,0,0,0
86,9292,82,1,0,0,0,0,0,0
87,9296,2,0,0,0,0,0,0,0
88,9299,0,0,118,12,73,1,0,0
95,9304,14,0,0,0,0,0,0,0
96,9308,56,1,0,0,0,0,0,0
97,9312,2,0,1,0,0,0,0,0
98,9316,0,0,0,0,0,0,0,0
259,9319,178,255,141,32,191,255,0,0
351,9320,0,0,0,0,44,1,104,2
260,9329,0,0,253,255,0,0,0,0
261,9339,57,2,0,0,0,0,0,0
300,9353,212,128,20,129,94,128,220,128
301,9357,154,127,110,126,194,123,236,123
302,9362,47,129,50,129,241,128,215,128
303,9366,230,127,162,127,5,126,128,127
304,9370,101,128,128,124,87,127,1,128
0,9374,0,0,0,0,0,0,0,0
305,9375,143,129,94,129,153,128,14,129
75,9378,0,0,0,0,0,0,0,0
76,9382,0,0,0,0,1,0,10,0
77,9387,192,49,0,0,0,0,5,0
78,9390,0,0,0,0,0,0,0,0
259,9393,192,255,75,32,75,255,0,0
79,9395,0,0,238,12,0,0,0,0
81,9398,0,0,0,0,0,0,0,0
52,9402,0,0,204,2,0,0,0,0
260,9406,0,255,1,0,0,0,0,0
86,9407,82,1,0,0,0,0,0,0
87,9410,2,0,0,0,0,0,0,0
88,9414,0,0,193,12,41,1,0,0
95,9418,13,0,0,0,0,0,0,0
261,9420,52,2,0,0,0,0,0,0
96,9422,56,1,0,0,0,0,0,0
97,9426,2,0,1,0,0,0,0,0
98,9431,0,0,0,0,0,0,0,0
351,9435,0,0,0,0,48,1,80,2
259,9454,20,255,186,31,76,255,0,0
260,9464,6,0,251,255,2,0,0,0
261,9474,49,2,0,0,0,0,0,0
0,9489,0,0,0,0,0,0,0,0
75,9492,0,0,0,0,0,0,0,0
76,9496,0,0,0,0,1,0,10,0
77,9500,197,49,0,0,0,0,5,0
78,9504,0,0,0,0,0,0,0,0
79,9508,0,0,59,13,0,0,0,0
259,9510,82,255,17,32,59,255,0,0
81,9512,0,0,0,0,0,0,0,0
52,9517,0,0,184,2,0,0,0,0
86,9521,82,1,0,0,0,0,0,0
260,9523,2,0,254,255,2,0,0,0
87,9525,2,0,0,0,0,0,0,0
88,9529,0,0,59,13,6,1,0,0
95,9532,11,0,0,0,0,0,0,0
261,9536,47,2,0,0,0,0,0,0
96,9537,56,1,0,0,0,0,0,0
97,9540,2,0,1,0,0,0,0,0
98,9544,0,0,0,0,0,0,0,0
351,9548,0,0,0,0,54,1,88,2
259,9570,201,255,61,32,46,255,0,0
260,9580,0,0,255,255,4,0,0,0
261,9590,53,2,0,0,0,0,0,0
306,9600,143,129,194,123,17,3,58,2
307,9602,1,0,0,0,1,0,1,0
0,9603,0,0,0,0,0,0,0,0
75,9607,0,0,0,0,0,0,0,0
76,9611,0,0,0,0,1,0,10,0
77,9615,202,49,0,0,0,0,5,0
78,9619,0,0,0,0,0,0,0,0
79,9622,0,0,162,13,0,0,0,0
81,9626,0,0,0,0,0,0,0,0
52,9631,0,0,227,2,0,0,0,0
259,9633,136,255,72,32,112,255,0,0
86,9635,82,1,0,0,0,0,0,0
87,9638,2,0,0,0,0,0,0,0
88,9643,0,0,132,13,205,0,0,0
260,9647,0,0,0,0,255,0,0,0
95,9648,9,0,0,0,0,0,0,0
96,9651,56,1,0,0,0,0,0,0
97,9655,2,0,1,0,0,0,0,0
98,9659,0,0,0,0,0,0,0,0
261,9661,43,2,0,0,0,0,0,0
351,9663,0,0,0,0,44,1,78,2
259,9692,70,255,12,32,32,255,0,0
260,9701,1,0,3,0,2,0,0,0
261,9711,51,2,0,0,0,0,0,0
0,9717,0,0,0,0,0,0,0,0
75,9720,0,0,0,0,0,0,0,0
76,9724,0,0,0,0,1,0,10,0
77,9729,208,49,0,0,0,0,5,0
78,9733,0,0,0,0,0,0,0,0
79,9737,0,0,237,13,0,0,0,0
81,9741,0,0,0,0,0,0,0,0
52,9745,0,0,30,3,0,0,0,0
86,9749,82,1,0,0,0,0,0,0
259,9751,180,255,113,32,81,255,0,0
87,9753,2,0,0,0,0,0,0,0
88,9757,0,0,207,13,169,0,0,0
95,9761,8,0,0,0,0,0,0,0
260,9763,4,0,0,0,255,255,0,0
96,9764,56,1,0,0,0,0,0,0
97,9768,2,0,1,0,0,0,0,0
98,9773,0,0,0,0,0,0,0,0
261,9777,49,2,0,0,0,0,0,0
351,9778,0,0,0,0,42,1,80,2
259,9807,24,255,252,31,121,255,0,0
300,9809,208,128,236,128,18,128,188,128
301,9815,139,127,16,126,101,122,11,122
302,9819,35,129,26,129,202,128,207,128
260,9823,4,0,0,0,4,0,0,0
303,9824,225,127,114,127,114,125,73,127
304,9827,104,128,77,122,15,127,238,127
0,9832,0,0,0,0,0,0,0,0
305,9833,147,129,65,129,87,128,220,128
75,9835,0,0,0,0,0,0,0,0
76,9839,0,0,0,0,1,0,10,0
77,9843,213,49,0,0,0,0,5,0
261,9847,55,2,0,0,0,0,0,0
78,9848,0,0,0,0,0,0,0,0
79,9851,0,0,57,14,0,0,0,0
81,9854,0,0,0,0,0,0,0,0
52,9859,0,0,112,3,0,0,0,0
86,9863,82,1,0,0,0,0,0,0
87,9867,2,0,0,0,0,0,0,0
88,9871,0,0,57,14,133,0,0,0
95,9875,5,0,0,0,0,0,0,0
96,9879,56,1,0,0,0,0,0,0
97,9883,2,0,1,0,0,0,0,0
259,9886,148,255,102,32,81,255,0,0
98,9888,0,0,0,0,0,0,0,0
351,9891,0,0,0,0,48,1,82,2
260,9899,0,0,253,255,0,0,0,0
261,9909,47,2,0,0,0,0,0,0
259,9938,68,255,240,31,115,255,0,0
0,9946,0,0,0,0,0,0,0,0
75,9949,0,0,0,0,0,0,0,0
260,9952,255,255,4,0,254,255,0,0
76,9953,0,0,0,0,1,0,10,0
77,9957,219,49,0,0,0,0,5,0
78,9961,0,0,0,0,0,0,0,0
261,9964,46,2,0,0,0,0,0,0
79,9965,0,0,131,14,0,0,0,0
81,9969,0,0,0,0,0,0,0,0
52,9973,0,0,16,4,0,0,0,0
86,9977,82,1,0,0,0,0,0,0
87,9981,2,0,0,0,0,0,0,0
88,9986,0,0,131,14,87,0,0,0
95,9990,4,0,0,0,0,0,0,0
96,9994,56,1,0,0,0,0,0,0
97,9997,2,0,1,0,0,0,0,0
98,10001,0,0,0,0,0,0,0,0
259,10004,142,255,50,32,112,255,0,0
351,10006,0,0,0,0,46,1,82,2
260,10015,4,0,1,0,1,0,0,0
261,10025,55,2,0,0,0,0,0,0
259,10055,118,255,193,31,131,255,0,0
306,10057,147,129,11,122,14,3,58,2
307,10058,1,0,0,0,1,0,1,0
0,10059,0,0,0,0,0,0,0,0
75,10063,0,0,0,0,0,0,0,0
76,10067,0,0,0,0,1,0,10,0
77,10072,224,49,0,0,0,0,5,0
260,10075,253,255,3,0,254,255,0,0
78,10077,0,0,0,0,0,0,0,0
79,10080,0,0,251,14,0,0,0,0
81,10084,0,0,0,0,0,0,0,0
52,10087,0,0,167,4,0,0,0,0
261,10090,49,2,0,0,0,0,0,0
86,10091,82,1,0,0,0,0,0,0
87,10095,2,0,0,0,0,0,0,0
88,10099,0,0,206,14,57,0,0,0
95,10103,2,0,0,0,0,0,0,0
96,10107,56,1,0,0,0,0,0,0
97,10112,2,0,1,0,0,0,0,0
98,10116,0,0,0,0,0,0,0,0
351,10120,0,0,0,0,48,1,80,2
259,10127,188,255,57,32,78,255,0,0
260,10137,3,0,1,0,1,0,0,0
261,10147,35,2,0,0,0,0,0,0
0,10174,0,0,0,0,0,0,0,0
75,10178,0,0,0,0,0,0,0,0
259,10180,158,255,165,32,218,255,0,0
76,10182,0,0,0,0,1,0,10,0
77,10185,236,49,0,0,0,0,5,0
78,10189,0,0,0,0,0,0,0,0
260,10192,251,255,8,0,255,255,0,0
79,10194,0,0,72,15,0,0,0,0
81,10198,0,0,0,0,0,0,0,0
52,10202,0,0,35,5,0,0,0,0
261,10206,49,2,0,0,0,0,0,0
86,10207,82,1,0,0,0,0,0,0
87,10210,2,0,0,0,0,0,0,0
88,10214,0,0,25,15,26,0,0,0
95,10218,1,0,0,0,0,0,0,0
96,10222,56,1,0,0,0,0,0,0
97,10225,2,0,1,0,0,0,0,0
98,10229,0,0,0,0,0,0,0,0
351,10233,0,0,0,0,38,1,82,2
259,10244,67,255,76,32,218,255,0,0
260,10254,2,0,5,0,0,0,0,0
261,10263,55,2,0,0,0,0,0,0
300,10267,168,128,148,128,44,127,90,128
301,10271,75,127,31,125,82,119,209,117
302,10275,238,128,208,128,75,128,164,128
303,10279,194,127,9,127,180,123,212,126
304,10285,104,128,202,118,64,126,186,127
0,10289,0,0,0,0,0,0,0,0
305,10290,137,129,255,128,141,127,113,128
75,10292,0,0,0,0,0,0,0,0
76,10296,0,0,0,0,1,0,10,0
77,10300,242,49,0,0,0,0,5,0
78,10304,0,0,0,0,0,0,0,0
79,10308,0,0,145,15,0,0,0,0
81,10312,0,0,0,0,0,0,0,0
52,10316,0,0,92,5,0,0,0,0
86,10319,82,1,0,0,0,0,0,0
259,10321,38,255,209,31,132,255,0,0
87,10323,2,0,0,0,0,0,0,0
88,10328,0,0,145,15,254,255,0,0
95,10333,0,0,0,0,0,0,0,0
260,10335,0,0,255,255,2,0,0,0
96,10336,56,1,0,0,0,0,0,0
97,10340,2,0,1,0,0,0,0,0
98,10344,0,0,0,0,0,0,0,0
261,10348,53,2,0,0,0,0,0,0
351,10349,0,0,0,0,38,1,82,2
259,10379,33,255,224,31,158,255,0,0
260,10389,3,0,1,0,2,0,0,0
261,10399,40,2,0,0,0,0,0,0
0,10402,0,0,0,0,0,0,0,0
75,10406,0,0,0,0,0,0,0,0
76,10411,0,0,0,0,1,0,10,0
77,10414,248,49,0,0,0,0,5,0
78,10418,0,0,0,0,0,0,0,0
79,10422,0,0,220,15,0,0,0,0
81,10426,0,0,0,0,0,0,0,0
52,10430,0,0,128,250,0,0,0,0
86,10434,82,1,0,0,0,0,0,0
259,10438,196,255,94,32,93,255,0,0
87,10439,2,0,0,0,0,0,0,0
88,10442,0,0,220,15,208,255,0,0
95,10446,2,0,0,0,0,0,0,0
96,10450,56,1,0,0,0,0,0,0
260,10452,3,0,6,0,251,255,0,0
97,10455,2,0,1,0,0,0,0,0
98,10459,0,0,0,0,0,0,0,0
351,10462,0,0,0,0,38,1,74,2
261,10465,53,2,0,0,0,0,0,0
259,10494,221,255,142,32,210,255,0,0
260,10505,6,0,6,0,253,255,0,0
306,10513,137,129,209,117,9,3,58,2
307,10515,1,0,0,0,1,0,1,0
0,10517,0,0,0,0,0,0,0,0
75,10520,0,0,0,0,0,0,0,0
261,10523,47,2,0,0,0,0,0,0
76,10524,0,0,0,0,1,0,10,0
77,10528,255,49,0,0,0,0,5,0
78,10532,0,0,0,0,0,0,0,0
79,10536,0,0,69,16,0,0,0,0
81,10541,0,0,0,0,0,0,0,0
52,10545,0,0,122,250,0,0,0,0
86,10549,82,1,0,0,0,0,0,0
87,10552,2,0,0,0,0,0,0,0
88,10556,0,0,40,16,170,255,0,0
95,10560,4,0,0,0,0,0,0,0
259,10563,219,255,94,32,19,255,0,0
96,10565,56,1,0,0,0,0,0,0
97,10568,2,0,1,0,0,0,0,0
98,10572,0,0,0,0,0,0,0,0
260,10576,4,0,254,255,4,0,0,0
351,10577,0,0,0,0,38,1,78,2
261,10587,56,2,0,0,0,0,0,0
259,10617,97,255,220,31,210,255,0,0
260,10628,11,0,7,0,255,255,0,0
0,10631,0,0,0,0,0,0,0,0
75,10635,0,0,0,0,0,0,0,0
76,10639,0,0,0,0,1,0,10,0
261,10641,51,2,0,0,0,0,0,0
77,10643,5,50,0,0,0,0,5,0
78,10646,0,0,0,0,0,0,0,0
79,10650,0,0,146,16,0,0,0,0
81,10654,0,0,0,0,0,0,0,0
52,10658,0,0,119,250,0,0,0,0
86,10662,82,1,0,0,0,0,0,0
87,10667,2,0,0,0,0,0,0,0
88,10671,0,0,114,16,137,255,0,0
95,10675,6,0,0,0,0,0,0,0
96,10679,56,1,0,0,0,0,0,0
259,10681,84,255,236,31,101,255,0,0
97,10683,2,0,1,0,0,0,0,0
98,10687,0,0,0,0,0,0,0,0
351,10690,0,0,0,0,46,1,80,2
260,10693,12,0,2,0,4,0,0,0
261,10703,55,2,0,0,0,0,0,0
300,10724,158,128,132,128,239,126,84,128
301,10728,54,127,239,124,186,118,234,117
302,10732,221,128,191,128,42,128,157,128
303,10737,185,127,248,126,67,123,192,126
259,10740,198,255,23,31,40,254,0,0
304,10742,103,128,49,119,18,126,176,127
0,10745,0,0,0,0,0,0,0,0
305,10746,133,129,243,128,86,127,96,128
75,10748,0,0,0,0,0,0,0,0
76,10753,0,0,0,0,1,0,10,0
77,10757,11,50,0,0,0,0,5,0
78,10761,0,0,0,0,0,0,0,0
79,10765,0,0,219,16,0,0,0,0
260,10768,247,0,6,0,1,0,0,0
81,10769,0,0,0,0,0,0,0,0
52,10773,0,0,120,250,0,0,0,0
86,10777,82,1,0,0,0,0,0,0
261,10780,39,2,0,0,0,0,0,0
87,10782,2,0,0,0,0,0,0,0
88,10784,0,0,219,16,106,255,0,0
95,10788,9,0,0,0,0,0,0,0
96,10792,56,1,0,0,0,0,0,0
97,10797,2,0,1,0,0,0,0,0
98,10801,0,0,0,0,0,0,0,0
351,10805,0,0,0,0,46,1,88,2
259,10818,39,255,180,31,58,255,0,0
260,10827,255,255,3,0,3,0,0,0
261,10838,43,2,0,0,0,0,0,0
0,10859,0,0,0,0,0,0,0,0
75,10863,0,0,0,0,0,0,0,0
76,10867,0,0,0,0,1,0,10,0
259,10870,106,255,49,32,90,0,0,0
77,10872,18,50,0,0,0,0,5,0
78,10875,0,0,0,0,0,0,0,0
79,10878,0,0,85,17,0,0,0,0
81,10884,0,0,0,0,0,0,0,0
260,10886,0,0,9,0,255,255,0,0
52,10887,0,0,143,250,0,0,0,0
86,10891,82,1,0,0,0,0,0,0
87,10895,2,0,0,0,0,0,0,0
261,10898,49,2,0,0,0,0,0,0
88,10899,0,0,38,17,71,255,0,0
95,10903,11,0,0,0,0,0,0,0
96,10907,56,1,0,0,0,0,0,0
97,10911,2,0,1,0,0,0,0,0
98,10915,0,0,0,0,0,0,0,0
351,10919,0,0,0,0,42,1,84,2
259,10934,114,255,158,32,130,255,0,0
260,10944,248,255,4,0,251,255,0,0
261,10954,49,2,0,0,0,0,0,0
306,10971,133,129,234,117,9,3,58,2
307,10972,1,0,0,0,1,0,1,0
0,10974,0,0,0,0,0,0,0,0
75,10977,0,0,0,0,0,0,0,0
76,10981,0,0,0,0,1,0,10,0
77,10985,31,50,0,0,0,0,5,0
78,10989,0,0,0,0,0,0,0,0
79,10993,0,0,158,17,0,0,0,0
259,10996,222,255,147,31,20,0,0,0
81,10997,0,0,0,0,0,0,0,0
52,11001,0,0,170,250,0,0,0,0
86,11005,81,1,0,0,0,0,0,0
260,11009,14,0,5,0,2,0,0,0
87,11011,2,0,0,0,0,0,0,0
88,11014,0,0,113,17,62,255,0,0
95,11017,11,0,0,0,0,0,0,0
96,11021,56,1,0,0,0,0,0,0
261,11024,49,2,0,0,0,0,0,0
97,11025,2,0,1,0,0,0,0,0
98,11029,0,0,0,0,0,0,0,0
351,11033,0,0,0,0,48,1,96,2
259,11056,82,255,162,32,208,254,0,0
260,11066,255,255,251,255,254,255,0,0
261,11076,51,2,0,0,0,0,0,0
0,11087,0,0,0,0,0,0,0,0
75,11091,0,0,0,0,0,0,0,0
76,11096,0,0,0,0,1,0,10,0
77,11100,38,50,0,0,0,0,5,0
78,11104,0,0,0,0,0,0,0,0
79,11108,0,0,233,17,0,0,0,0
81,11111,0,0,0,0,0,0,0,0
259,11113,82,255,170,31,176,254,0,0
52,11115,0,0,223,250,0,0,0,0
86,11119,81,1,0,0,0,0,0,0
87,11123,2,0,0,0,0,0,0,0
260,11126,251,255,255,255,255,255,0,0
88,11128,0,0,233,17,64,255,0,0
95,11131,11,0,0,0,0,0,0,0
96,11136,57,1,0,0,0,0,0,0
261,11140,47,2,0,0,0,0,0,0
97,11141,2,0,1,0,0,0,0,0
98,11144,0,0,0,0,0,0,0,0
351,11148,0,0,0,0,44,1,92,2
259,11172,162,255,237,31,250,254,0,0
300,11181,156,128,138,128,31,127,81,128
260,11184,4,0,246,255,4,0,0,0
301,11185,61,127,254,124,231,119,60,118
302,11190,226,128,202,128,63,128,161,128
303,11194,185,127,1,127,173,123,204,126
304,11198,99,128,153,119,65,126,180,127
261,11202,56,2,0,0,0,0,0,0
0,11203,0,0,0,0,0,0,0,0
305,11204,132,129,248,128,127,127,108,128
75,11206,0,0,0,0,0,0,0,0
76,11209,0,0,0,0,1,0,10,0
77,11213,45,50,0,0,0,0,5,0
78,11217,0,0,0,0,0,0,0,0
79,11222,0,0,52,18,0,0,0,0
81,11226,0,0,0,0,0,0,0,0
52,11230,0,0,70,251,0,0,0,0
86,11234,81,1,0,0,0,0,0,0
87,11238,2,0,0,0,0,0,0,0
88,11242,0,0,52,18,74,255,0,0
95,11246,11,0,0,0,0,0,0,0
259,11248,200,255,27,32,226,255,0,0
96,11250,57,1,0,0,0,0,0,0
97,11253,2,0,1,0,0,0,0,0
98,11257,0,0,0,0,0,0,0,0
260,11261,0,0,4,0,3,0,0,0
351,11262,0,0,0,0,38,1,76,2
261,11273,56,2,0,0,0,0,0,0
259,11302,246,254,39,32,249,254,0,0
260,11313,244,255,4,0,0,0,0,0
0,11316,0,0,0,0,0,0,0,0
75,11320,0,0,0,0,0,0,0,0
76,11324,0,0,0,0,1,0,10,0
261,11326,45,2,0,0,0,0,0,0
77,11328,53,50,0,0,0,0,5,0
78,11332,0,0,0,0,0,0,0,0
79,11336,0,0,157,18,0,0,0,0
81,11340,0,0,0,0,0,0,0,0
52,11343,0,0,124,251,0,0,0,0
86,11347,81,1,0,0,0,0,0,0
87,11352,2,0,0,0,0,0,0,0
88,11356,0,0,127,18,81,255,0,0
95,11360,11,0,0,0,0,0,0,0
96,11364,57,1,0,0,0,0,0,0
259,11367,81,255,252,31,189,255,0,0
97,11368,2,0,1,0,0,0,0,0
98,11372,0,0,0,0,0,0,0,0
351,11376,0,0,0,0,42,1,76,2
260,11378,3,0,3,0,3,0,0,0
261,11388,58,2,0,0,0,0,0,0
259,11419,109,255,182,32,136,255,0,0
306,11427,132,129,60,118,9,3,58,2
307,11428,1,0,0,0,1,0,1,0
0,11430,0,0,0,0,0,0,0,0
75,11435,0,0,0,0,0,0,0,0
260,11437,254,255,254,255,0,0,0,0
76,11438,0,0,0,0,1,0,10,0
77,11442,60,50,0,0,0,0,5,0
78,11446,0,0,0,0,0,0,0,0
261,11449,60,2,0,0,0,0,0,0
79,11450,0,0,234,18,0,0,0,0
81,11454,0,0,0,0,0,0,0,0
52,11458,0,0,178,251,0,0,0,0
86,11462,81,1,0,0,0,0,0,0
87,11466,2,0,0,0,0,0,0,0
88,11470,0,0,202,18,84,255,0,0
95,11474,11,0,0,0,0,0,0,0
96,11479,57,1,0,0,0,0,0,0
97,11482,2,0,1,0,0,0,0,0
98,11486,0,0,0,0,0,0,0,0
259,11489,99,255,41,32,159,255,0,0
351,11491,0,0,0,0,46,1,88,2
260,11500,8,0,249,255,4,0,0,0
261,11510,56,2,0,0,0,0,0,0
259,11540,131,255,45,32,92,255,0,0
0,11545,0,0,0,0,0,0,0,0
75,11548,0,0,0,0,0,0,0,0
260,11552,252,255,246,255,0,0,0,0
76,11553,0,0,0,0,1,0,10,0
77,11556,67,50,0,0,0,0,5,0
78,11560,0,0,0,0,0,0,0,0
79,11565,0,0,51,19,0,0,0,0
261,11567,45,2,0,0,0,0,0,0
81,11569,0,0,0,0,0,0,0,0
52,11573,0,0,220,251,0,0,0,0
86,11576,81,1,0,0,0,0,0,0
87,11580,2,0,0,0,0,0,0,0
88,11585,0,0,51,19,79,255,0,0
95,11588,11,0,0,0,0,0,0,0
96,11592,57,1,0,0,0,0,0,0
97,11596,2,0,1,0,0,0,0,0
98,11600,0,0,0,0,0,0,0,0
351,11604,0,0,0,0,38,1,80,2
259,11607,70,255,6,32,140,254,0,0
260,11616,246,255,2,0,1,0,0,0
261,11626,38,2,0,0,0,0,0,0
300,11637,164,128,152,128,65,127,105,128
301,11642,68,127,34,125,127,120,77,119
302,11646,231,128,212,128,79,128,167,128
303,11651,189,127,17,127,242,123,223,126
304,11655,98,128,47,120,94,126,187,127
0,11659,0,0,0,0,0,0,0,0
305,11660,131,129,2,129,156,127,124,128
75,11663,0,0,0,0,0,0,0,0
76,11667,0,0,0,0,1,0,10,0
77,11670,75,50,0,0,0,0,5,0
78,11674,0,0,0,0,0,0,0,0
79,11678,0,0,171,19,0,0,0,0
259,11681,81,255,231,31,234,255,0,0
81,11683,0,0,0,0,0,0,0,0
52,11686,0,0,5,252,0,0,0,0
86,11691,81,1,0,0,0,0,0,0
260,11695,3,0,15,0,1,0,0,0
87,11696,2,0,0,0,0,0,0,0
88,11699,0,0,126,19,79,255,0,0
95,11703,12,0,0,0,0,0,0,0
96,11707,57,1,0,0,0,0,0,0
261,11709,55,2,0,0,0,0,0,0
97,11711,2,0,1,0,0,0,0,0
98,11715,0,0,0,0,0,0,0,0
351,11718,0,0,0,0,46,1,80,2
259,11742,103,255,18,32,24,255,0,0
260,11751,7,0,251,255,6,0,0,0
261,11761,53,2,0,0,0,0,0,0
0,11773,0,0,0,0,0,0,0,0
75,11777,0,0,0,0,0,0,0,0
76,11781,0,0,0,0,1,0,10,0
77,11785,90,50,0,0,0,0,5,0
78,11789,0,0,0,0,0,0,0,0
79,11793,0,0,246,19,0,0,0,0
81,11797,0,0,0,0,0,0,0,0
259,11799,178,255,186,32,98,255,0,0
52,11801,0,0,34,252,0,0,0,0
86,11805,81,1,0,0,0,0,0,0
87,11808,2,0,0,0,0,0,0,0
260,11811,250,255,7,255,0,0,0,0
88,11813,0,0,201,19,85,255,0,0
95,11816,11,0,0,0,0,0,0,0
96,11821,57,1,0,0,0,0,0,0
261,11825,33,2,0,0,0,0,0,0
97,11826,2,0,1,0,0,0,0,0
98,11829,0,0,0,0,0,0,0,0
351,11833,0,0,0,0,64,1,84,2
259,11857,206,255,80,32,100,255,0,0
260,11868,252,255,4,0,253,255,0,0
261,11878,57,2,0,0,0,0,0,0
306,11883,131,129,77,119,10,3,58,2
307,11885,1,0,0,0,1,0,1,0
0,11887,0,0,0,0,0,0,0,0
75,11891,0,0,0,0,0,0,0,0
76,11895,0,0,0,0,1,0,10,0
77,11898,98,50,0,0,0,0,5,0
78,11902,0,0,0,0,0,0,0,0
79,11907,0,0,65,20,0,0,0,0
81,11911,0,0,0,0,0,0,0,0
52,11915,0,0,81,252,0,0,0,0
86,11919,81,1,0,0,0,0,0,0
259,11921,146,255,46,32,172,255,0,0
87,11923,2,0,0,0,0,0,0,0
88,11927,0,0,65,20,87,255,0,0
95,11931,11,0,0,0,0,0,0,0
260,11934,2,0,4,0,254,255,0,0
96,11935,57,1,0,0,0,0,0,0
97,11939,2,0,1,0,0,0,0,0
98,11943,0,0,0,0,0,0,0,0
351,11947,0,0,0,0,44,1,84,2
261,11949,49,2,0,0,0,0,0,0
259,11979,128,255,135,31,82,255,0,0
260,11988,0,0,9,0,2,0,0,0
261,11999,49,2,0,0,0,0,0,0
0,12002,0,0,0,0,0,0,0,0
75,12005,0,0,0,0,0,0,0,0
76,12009,0,0,0,0,1,0,10,0
77,12013,106,50,0,0,0,0,5,0
78,12017,0,0,0,0,0,0,0,0
79,12021,0,0,0,0,0,0,0,0
81,12025,0,0,0,0,0,0,0,0
52,12029,0,0,145,252,0,0,0,0
86,12034,81,1,0,0,0,0,0,0
87,12038,2,0,0,0,0,0,0,0
259,12040,4,0,19,33,197,255,0,0
88,12041,0,0,140,20,105,255,0,0
95,12045,10,0,0,0,0,0,0,0
96,12049,57,1,0,0,0,0,0,0
260,12052,253,255,2,0,253,255,0,0
97,12054,2,0,1,0,0,0,0,0
98,12057,0,0,0,0,0,0,0,0
351,12061,0,0,0,0,50,1,74,2
261,12065,53,2,0,0,0,0,0,0
300,12094,154,128,157,128,52,127,100,128
259,12096,113,255,127,32,14,255,0,0
301,12098,62,127,47,125,92,120,205,119
302,12102,229,128,203,128,81,128,164,128
303,12106,185,127,25,127,218,123,232,126
304,12111,96,128,134,120,80,126,191,127
260,12115,247,255,250,255,2,0,0,0
305,12116,128,129,6,129,145,127,132,128
0,12119,0,0,0,0,0,0,0,0
75,12120,0,0,0,0,0,0,0,0
76,12124,0,0,0,0,1,0,10,0
77,12128,106,50,0,0,0,0,5,0
78,12132,0,0,0,0,0,0,0,0
79,12136,0,0,0,0,0,0,0,0
261,12139,52,2,0,0,0,0,0,0
81,12140,0,0,0,0,0,0,0,0
52,12143,0,0,0,0,0,0,0,0
86,12147,81,1,0,0,0,0,0,0
87,12151,2,0,0,0,0,0,0,0
88,12155,0,0,0,0,0,0,0,0
95,12160,0,0,0,0,0,0,0,0
96,12164,57,1,0,0,0,0,0,0
97,12168,2,0,1,0,0,0,0,0
98,12172,0,0,0,0,0,0,0,0
351,12176,0,0,0,0,42,1,76,2
259,12179,40,255,219,31,91,255,0,0
260,12189,5,0,4,0,5,0,0,0
261,12199,47,2,0,0,0,0,0,0
259,12229,48,255,27,32,202,255,0,0
0,12231,0,0,0,0,0,0,0,0
75,12233,0,0,0,0,0,0,0,0
76,12237,0,0,0,0,1,0,10,0
77,12241,106,50,0,0,0,0,5,0
260,12243,8,0,8,0,3,0,0,0
78,12246,0,0,0,0,0,0,0,0
79,12250,0,0,0,0,0,0,0,0
81,12254,0,0,0,0,0,0,0,0
261,12257,55,2,0,0,0,0,0,0
52,12258,0,0,0,0,0,0,0,0
86,12262,81,1,0,0,0,0,0,0
87,12266,2,0,0,0,0,0,0,0
88,12270,0,0,0,0,0,0,0,0
95,12273,0,0,0,0,0,0,0,0
96,12277,57,1,0,0,0,0,0,0
97,12281,2,0,1,0,0,0,0,0
98,12285,0,0,0,0,0,0,0,0
351,12290,0,0,0,0,44,1,74,2
259,12296,93,255,171,32,25,255,0,0
260,12306,2,0,254,255,1,0,0,0
261,12315,52,2,0,0,0,0,0,0
306,12341,128,129,205,119,11,3,58,2
307,12342,1,0,0,0,1,0,1,0
0,12344,0,0,0,0,0,0,0,0
75,12348,0,0,0,0,0,0,0,0
76,12352,0,0,0,0,1,0,10,0
259,12354,120,255,44,32,223,255,0,0
77,12356,106,50,0,0,0,0,5,0
78,12360,0,0,0,0,0,0,0,0
79,12364,0,0,0,0,0,0,0,0
260,12366,10,0,1,0,3,0,0,0
81,12367,0,0,0,0,0,0,0,0
52,12371,0,0,0,0,0,0,0,0
86,12376,81,1,0,0,0,0,0,0
261,12380,49,2,0,0,0,0,0,0
87,12381,2,0,0,0,0,0,0,0
88,12384,0,0,0,0,0,0,0,0
95,12388,0,0,0,0,0,0,0,0
96,12392,57,1,0,0,0,0,0,0
97,12396,2,0,1,0,0,0,0,0
98,12400,0,0,0,0,0,0,0,0
351,12404,0,0,0,0,42,1,82,2
259,12417,116,255,131,32,218,254,0,0
260,12427,248,255,1,0,254,255,0,0
261,12437,55,2,0,0,0,0,0,0
0,12459,0,0,0,0,0,0,0,0
75,12462,0,0,0,0,0,0,0,0
76,12466,0,0,0,0,1,0,10,0
259,12470,76,255,223,31,73,255,0,0
77,12472,106,50,0,0,0,0,5,0
78,12474,0,0,0,0,0,0,0,0
79,12478,0,0,0,0,0,0,0,0
81,12482,0,0,0,0,0,0,0,0
260,12484,0,0,11,0,2,0,0,0
52,12486,0,0,0,0,0,0,0,0
86,12490,81,1,0,0,0,0,0,0
87,12494,2,0,0,0,0,0,0,0
261,12496,51,2,0,0,0,0,0,0
88,12498,0,0,0,0,0,0,0,0
95,12503,0,0,0,0,0,0,0,0
96,12506,57,1,0,0,0,0,0,0
97,12510,2,0,1,0,0,0,0,0
98,12514,0,0,0,0,0,0,0,0
351,12518,0,0,0,0,46,1,82,2
259,12533,36,255,21,32,155,255,0,0
260,12542,0,0,8,0,255,255,0,0
300,12551,242,128,112,129,103,129,57,129
261,12553,62,2,0,0,0,0,0,0
301,12555,220,127,111,127,5,128,32,127
302,12560,99,129,125,129,124,129,18,129
303,12564,254,127,17,128,4,128,1,128
304,12568,93,128,33,128,68,128,59,128
305,12572,140,129,158,129,129,129,126,129
0,12574,0,0,0,0,0,0,0,0
75,12576,0,0,0,0,0,0,0,0
76,12580,0,0,0,0,1,0,10,0
77,12584,106,50,0,0,0,0,5,0
78,12589,0,0,0,0,0,0,0,0
79,12593,0,0,0,0,0,0,0,0
81,12597,0,0,0,0,0,0,0,0
52,12600,0,0,0,0,0,0,0,0
86,12604,81,1,0,0,0,0,0,0
87,12608,2,0,0,0,0,0,0,0
259,12611,191,255,66,32,80,255,0,0
88,12613,0,0,0,0,0,0,0,0
95,12616,0,0,0,0,0,0,0,0
96,12620,57,1,0,0,0,0,0,0
260,12624,0,0,254,255,0,0,0,0
97,12625,2,0,1,0,0,0,0,0
98,12628,0,0,0,0,0,0,0,0
351,12633,0,0,0,0,44,1,86,2
261,12637,60,2,0,0,0,0,0,0
259,12667,22,255,210,31,150,255,0,0
260,12678,254,255,255,255,1,0,0,0
0,12687,0,0,0,0,0,0,0,0
261,12688,53,2,0,0,0,0,0,0
75,12690,0,0,0,0,0,0,0,0
76,12694,0,0,0,0,1,0,10,0
77,12698,106,50,0,0,0,0,5,0
78,12702,0,0,0,0,0,0,0,0
79,12706,0,0,0,0,0,0,0,0
81,12710,0,0,0,0,0,0,0,0
52,12715,0,0,0,0,0,0,0,0
86,12719,81,1,0,0,0,0,0,0
87,12723,2,0,0,0,0,0,0,0
259,12726,230,255,103,32,120,255,0,0
88,12728,0,0,0,0,0,0,0,0
95,12731,0,0,0,0,0,0,0,0
96,12735,57,1,0,0,0,0,0,0
97,12738,2,0,1,0,0,0,0,0
260,12740,252,255,2,0,1,0,0,0
98,12742,0,0,0,0,0,0,0,0
351,12746,0,0,0,0,44,1,78,2
261,12752,56,2,0,0,0,0,0,0
259,12782,79,255,207,31,76,255,0,0
260,12792,253,255,2,0,255,255,0,0
306,12797,158,129,32,127,22,3,58,2
307,12798,1,0,0,0,1,0,1,0
0,12802,0,0,0,0,0,0,0,0
75,12805,0,0,0,0,0,0,0,0
261,12809,52,2,0,0,0,0,0,0
76,12810,0,0,0,0,1,0,10,0
77,12813,106,50,0,0,0,0,5,0
78,12817,0,0,0,0,0,0,0,0
79,12821,0,0,0,0,0,0,0,0
81,12825,0,0,0,0,0,0,0,0
52,12829,0,0,0,0,0,0,0,0
86,12832,81,1,0,0,0,0,0,0
87,12837,2,0,0,0,0,0,0,0
88,12840,0,0,0,0,0,0,0,0
95,12845,0,0,0,0,0,0,0,0
259,12849,89,255,20,32,176,255,0,0
96,12850,57,1,0,0,0,0,0,0
97,12853,2,0,1,0,0,0,0,0
98,12857,0,0,0,0,0,0,0,0
351,12861,0,0,0,0,44,1,78,2
260,12863,254,255,255,255,1,0,0,0
261,12872,47,2,0,0,0,0,0,0
259,12903,214,255,46,32,50,255,0,0
260,12913,3,0,254,255,5,0,0,0
0,12915,0,0,0,0,0,0,0,0
75,12919,0,0,0,0,0,0,0,0
76,12922,0,0,0,0,1,0,10,0
261,12925,49,2,0,0,0,0,0,0
77,12926,106,50,0,0,0,0,5,0
78,12931,0,0,0,0,0,0,0,0
79,12935,0,0,0,0,0,0,0,0
81,12939,0,0,0,0,0,0,0,0
52,12943,0,0,0,0,0,0,0,0
86,12947,81,1,0,0,0,0,0,0
87,12951,2,0,0,0,0,0,0,0
88,12955,0,0,0,0,0,0,0,0
95,12959,0,0,0,0,0,0,0,0
96,12963,57,1,0,0,0,0,0,0
259,12965,110,255,52,32,104,255,0,0
97,12967,2,0,1,0,0,0,0,0
98,12971,0,0,0,0,0,0,0,0
351,12975,0,0,0,0,42,1,82,2
260,12979,4,0,0,0,3,0,0,0
261,12989,51,2,0,0,0,0,0,0
300,13007,247,128,117,129,108,129,62,129
301,13011,227,127,129,127,9,128,40,127
302,13017,104,129,130,129,130,129,19,129
303,13021,3,128,23,128,9,128,5,128
304,13025,95,128,39,128,73,128,62,128
259,13029,145,255,82,32,79,255,0,0
305,13031,143,129,162,129,136,129,130,129
0,13033,0,0,0,0,0,0,0,0
75,13034,0,0,0,0,0,0,0,0
76,13037,0,0,0,0,1,0,10,0
77,13041,106,50,0,0,0,0,5,0
78,13045,0,0,0,0,0,0,0,0
79,13049,0,0,0,0,0,0,0,0
81,13053,0,0,0,0,0,0,0,0
260,13056,4,0,0,0,2,0,0,0
52,13058,0,0,0,0,0,0,0,0
86,13061,81,1,0,0,0,0,0,0
87,13065,2,0,0,0,0,0,0,0
261,13068,49,2,0,0,0,0,0,0
88,13069,0,0,0,0,0,0,0,0
95,13073,0,0,0,0,0,0,0,0
96,13077,59,1,0,0,0,0,0,0
97,13081,2,0,0,0,0,0,0,0
98,13085,0,0,0,0,0,0,0,0
351,13089,0,0,0,0,48,1,82,2
259,13104,61,255,155,31,0,255,0,0
260,13114,255,255,252,0,1,0,0,0
261,13124,41,2,0,0,0,0,0,0
0,13144,0,0,0,0,0,0,0,0
75,13148,0,0,0,0,0,0,0,0
76,13152,0,0,0,0,1,0,10,0
77,13155,106,50,0,0,0,0,5,0
259,13158,126,255,121,32,155,255,0,0
78,13160,0,0,0,0,0,0,0,0
79,13163,0,0,0,0,0,0,0,0
81,13167,0,0,0,0,0,0,0,0
260,13171,251,255,6,0,0,0,0,0
52,13172,0,0,0,0,0,0,0,0
86,13175,81,1,0,0,0,0,0,0
87,13179,2,0,0,0,0,0,0,0
88,13184,0,0,0,0,0,0,0,0
261,13186,55,2,0,0,0,0,0,0
95,13188,0,0,0,0,0,0,0,0
96,13192,59,1,0,0,0,0,0,0
97,13196,2,0,0,0,0,0,0,0
98,13200,0,0,0,0,0,0,0,0
351,13203,0,0,0,0,44,1,78,2
259,13220,189,255,31,32,138,255,0,0
260,13231,2,0,251,255,2,0,0,0
261,13240,53,2,0,0,0,0,0,0
306,13253,162,129,40,127,22,3,58,2
307,13255,1,0,0,0,1,0,1,0
0,13258,0,0,0,0,0,0,0,0
75,13261,0,0,0,0,0,0,0,0
76,13265,0,0,0,0,1,0,10,0
77,13270,106,50,0,0,0,0,5,0
78,13274,0,0,0,0,0,0,0,0
79,13278,0,0,0,0,0,0,0,0
259,13281,85,255,71,32,209,254,0,0
81,13282,0,0,0,0,0,0,0,0
52,13286,0,0,0,0,0,0,0,0
86,13290,81,1,0,0,0,0,0,0
260,13293,248,255,7,0,254,255,0,0
87,13295,2,0,0,0,0,0,0,0
88,13297,0,0,0,0,0,0,0,0
95,13301,0,0,0,0,0,0,0,0
96,13305,59,1,0,0,0,0,0,0
261,13307,47,2,0,0,0,0,0,0
97,13309,2,0,0,0,0,0,0,0
98,13314,0,0,0,0,0,0,0,0
351,13318,0,0,0,0,42,1,86,2
259,13340,82,255,233,31,58,254,0,0
260,13350,255,255,4,0,254,255,0,0
261,13361,48,2,0,0,0,0,0,0
0,13372,0,0,0,0,0,0,0,0
75,13376,0,0,0,0,0,0,0,0
76,13380,0,0,0,0,1,0,10,0
77,13384,106,50,0,0,0,0,5,0
78,13388,0,0,0,0,0,0,0,0
79,13391,0,0,0,0,0,0,0,0
81,13395,0,0,0,0,0,0,0,0
259,13398,34,255,128,33,238,0,0,0
52,13400,0,0,0,0,0,0,0,0
86,13404,81,1,0,0,0,0,0,0
87,13408,2,0,0,0,0,0,0,0
260,13411,249,255,5,0,1,0,0,0
88,13412,0,0,0,0,0,0,0,0
95,13416,0,0,0,0,0,0,0,0
96,13420,59,1,0,0,0,0,0,0
261,13424,35,2,0,0,0,0,0,0
97,13425,2,0,0,0,0,0,0,0
98,13428,0,0,0,0,0,0,0,0
351,13432,0,0,0,0,44,1,82,2
259,13457,142,255,162,32,48,254,0,0
300,13464,251,128,121,129,113,129,65,129
260,13468,1,0,17,0,249,255,0,0
301,13469,231,127,141,127,12,128,44,127
302,13472,108,129,132,129,133,129,21,129
303,13476,6,128,26,128,12,128,9,128
304,13481,97,128,44,128,76,128,64,128
305,13486,146,129,164,129,139,129,132,129
0,13488,0,0,0,0,0,0,0,0
75,13490,0,0,0,0,0,0,0,0
76,13494,0,0,0,0,1,0,10,0
77,13498,106,50,0,0,0,0,5,0
261,13500,51,2,0,0,0,0,0,0
78,13502,0,0,0,0,0,0,0,0
79,13506,0,0,0,0,0,0,0,0
81,13510,0,0,0,0,0,0,0,0
52,13514,0,0,0,0,0,0,0,0
86,13518,81,1,0,0,0,0,0,0
87,13522,2,0,0,0,0,0,0,0
88,13527,0,0,0,0,0,0,0,0
95,13530,0,0,0,0,0,0,0,0
96,13534,59,1,0,0,0,0,0,0
97,13539,2,0,0,0,0,0,0,0
259,13540,254,254,194,31,120,255,0,0
98,13542,0,0,0,0,0,0,0,0
351,13546,0,0,0,0,48,1,94,2
260,13552,252,255,253,255,1,0,0,0
261,13562,33,2,0,0,0,0,0,0
259,13592,73,255,133,31,179,254,0,0
0,13600,0,0,0,0,0,0,0,0
260,13603,1,0,8,0,0,0,0,0
75,13604,0,0,0,0,0,0,0,0
76,13608,0,0,0,0,1,0,10,0
77,13613,106,50,0,0,0,0,5,0
261,13616,52,2,0,0,0,0,0,0
78,13618,0,0,0,0,0,0,0,0
79,13620,0,0,0,0,0,0,0,0
81,13624,0,0,0,0,0,0,0,0
52,13628,0,0,0,0,0,0,0,0
86,13632,81,1,0,0,0,0,0,0
87,13636,2,0,0,0,0,0,0,0
88,13640,0,0,0,0,0,0,0,0
95,13644,0,0,0,0,0,0,0,0
96,13648,59,1,0,0,0,0,0,0
97,13652,2,0,0,0,0,0,0,0
259,13657,126,255,31,32,226,254,0,0
98,13658,0,0,0,0,0,0,0,0
351,13661,0,0,0,0,44,1,80,2
260,13668,253,255,254,255,255,255,0,0
261,13678,51,2,0,0,0,0,0,0
259,13708,79,255,234,31,20,255,0,0
306,13711,164,129,44,127,22,3,58,2
307,13712,1,0,0,0,1,0,1,0
0,13715,0,0,0,0,0,0,0,0
75,13718,0,0,0,0,0,0,0,0
76,13722,0,0,0,0,1,0,10,0
260,13725,3,0,1,0,0,0,0,0
77,13726,106,50,0,0,0,0,5,0
78,13730,0,0,0,0,0,0,0,0
79,13734,0,0,0,0,0,0,0,0
261,13739,39,2,0,0,0,0,0,0
81,13740,0,0,0,0,0,0,0,0
52,13743,0,0,0,0,0,0,0,0
86,13747,81,1,0,0,0,0,0,0
87,13751,2,0,0,0,0,0,0,0
88,13755,0,0,0,0,0,0,0,0
95,13759,0,0,0,0,0,0,0,0
96,13762,59,1,0,0,0,0,0,0
97,13766,2,0,0,0,0,0,0,0
98,13770,0,0,0,0,0,0,0,0
351,13774,0,0,0,0,44,1,78,2
259,13778,76,255,88,32,132,255,0,0
260,13789,252,255,0,0,1,0,0,0
261,13798,49,2,0,0,0,0,0,0
259,13829,96,255,28,32,66,255,0,0
0,13830,0,0,0,0,0,0,0,0
75,13833,0,0,0,0,0,0,0,0
76,13837,0,0,0,0,1,0,10,0
77,13841,106,50,0,0,0,0,5,0
260,13843,2,0,253,255,0,0,0,0
78,13845,0,0,0,0,0,0,0,0
79,13849,0,0,0,0,0,0,0,0
81,13852,0,0,0,0,0,0,0,0
261,13855,53,2,0,0,0,0,0,0
52,13856,0,0,0,0,0,0,0,0
86,13860,81,1,0,0,0,0,0,0
87,13864,2,0,0,0,0,0,0,0
88,13869,0,0,0,0,0,0,0,0
95,13873,0,0,0,0,0,0,0,0
96,13877,59,1,0,0,0,0,0,0
97,13881,2,0,0,0,0,0,0,0
98,13885,0,0,0,0,0,0,0,0
351,13889,0,0,0,0,40,1,84,2
259,13894,112,255,134,32,89,255,0,0
260,13904,251,255,0,0,0,0,0,0
261,13915,47,2,0,0,0,0,0,0
300,13921,2,129,124,129,116,129,78,129
301,13925,242,127,150,127,14,128,90,127
302,13929,113,129,134,129,136,129,42,129
303,13934,11,128,29,128,15,128,11,128
304,13938,99,128,47,128,78,128,66,128
305,13942,148,129,165,129,143,129,135,129
0,13944,0,0,0,0,0,0,0,0
75,13946,0,0,0,0,0,0,0,0
76,13950,0,0,0,0,1,0,10,0
77,13955,106,50,0,0,0,0,5,0
78,13959,0,0,0,0,0,0,0,0
79,13963,0,0,0,0,0,0,0,0
81,13967,0,0,0,0,0,0,0,0
259,13970,103,255,120,32,122,255,0,0
52,13971,0,0,0,0,0,0,0,0
86,13975,81,1,0,0,0,0,0,0
87,13979,2,0,0,0,0,0,0,0
260,13983,0,0,255,255,2,0,0,0
88,13984,0,0,0,0,0,0,0,0
95,13987,0,0,0,0,0,0,0,0
96,13991,59,1,0,0,0,0,0,0
97,13995,2,0,0,0,0,0,0,0
261,13997,47,2,0,0,0,0,0,0
98,13999,0,0,0,0,0,0,0,0
351,14003,0,0,0,0,44,1,78,2
259,14029,178,255,4,32,52,255,0,0
260,14039,0,0,0,0,255,255,0,0
261,14049,48,2,0,0,0,0,0,0
0,14057,0,0,0,0,0,0,0,0
75,14061,0,0,0,0,0,0,0,0
76,14065,0,0,0,0,1,0,10,0
77,14069,106,50,0,0,0,0,5,0
78,14073,0,0,0,0,0,0,0,0
79,14077,0,0,0,0,0,0,0,0
81,14082,0,0,0,0,0,0,0,0
52,14086,0,0,0,0,0,0,0,0
259,14087,80,255,62,32,103,255,0,0
86,14090,81,1,0,0,0,0,0,0
87,14093,2,0,0,0,0,0,0,0
88,14097,0,0,0,0,0,0,0,0
260,14100,1,0,3,0,255,255,0,0
95,14101,0,0,0,0,0,0,0,0
96,14105,59,1,0,0,0,0,0,0
97,14109,2,0,0,0,0,0,0,0
261,14113,51,2,0,0,0,0,0,0
98,14114,0,0,0,0,0,0,0,0
351,14117,0,0,0,0,48,1,78,2
259,14145,98,255,111,32,104,255,0,0
260,14155,2,0,0,0,254,255,0,0
261,14166,55,2,0,0,0,0,0,0
306,14168,165,129,90,127,22,3,58,2
307,14169,1,0,0,0,1,0,1,0
0,14172,0,0,0,0,0,0,0,0
75,14176,0,0,0,0,0,0,0,0
76,14180,0,0,0,0,1,0,10,0
77,14183,106,50,0,0,0,0,5,0
78,14187,0,0,0,0,0,0,0,0
79,14191,0,0,0,0,0,0,0,0
81,14195,0,0,0,0,0,0,0,0
52,14199,0,0,0,0,0,0,0,0
86,14203,81,1,0,0,0,0,0,0
87,14208,2,0,0,0,0,0,0,0
259,14210,131,255,59,32,56,255,0,0
88,14212,0,0,0,0,0,0,0,0
95,14216,0,0,0,0,0,0,0,0
96,14220,59,1,0,0,0,0,0,0
260,14222,1,0,1,0,1,0,0,0
97,14224,2,0,0,0,0,0,0,0
98,14227,0,0,0,0,0,0,0,0
351,14231,0,0,0,0,40,1,84,2
261,14235,49,2,0,0,0,0,0,0
259,14265,112,255,34,32,21,255,0,0
260,14275,1,0,2,0,0,0,0,0
261,14285,50,2,0,0,0,0,0,0
0,14286,0,0,0,0,0,0,0,0
75,14289,0,0,0,0,0,0,0,0
76,14294,0,0,0,0,1,0,10,0
77,14298,106,50,0,0,0,0,5,0
78,14302,0,0,0,0,0,0,0,0
79,14306,0,0,0,0,0,0,0,0
81,14310,0,0,0,0,0,0,0,0
52,14314,0,0,0,0,0,0,0,0
86,14317,81,1,0,0,0,0,0,0
87,14321,2,0,0,0,0,0,0,0
259,14325,97,255,40,32,95,255,0,0
88,14327,0,0,0,0,0,0,0,0
95,14329,0,0,0,0,0,0,0,0
96,14333,59,1,0,0,0,0,0,0
97,14338,2,0,0,0,0,0,0,0
260,14340,254,255,0,0,1,0,0,0
98,14342,0,0,0,0,0,0,0,0
351,14346,0,0,0,0,38,1,80,2
261,14352,53,2,0,0,0,0,0,0
300,14377,255,128,125,129,118,129,70,129
301,14382,237,127,157,127,16,128,51,127
259,14385,126,255,236,31,119,255,0,0
302,14387,112,129,135,129,137,129,24,129
303,14391,11,128,30,128,16,128,12,128
304,14395,99,128,50,128,80,128,67,128
305,14399,149,129,167,129,145,129,137,129
0,14401,0,0,0,0,0,0,0,0
75,14404,0,0,0,0,0,0,0,0
76,14408,0,0,0,0,1,0,10,0
77,14411,106,50,0,0,0,0,5,0
260,14414,0,0,1,0,1,0,0,0
78,14415,0,0,0,0,0,0,0,0
79,14419,0,0,0,0,0,0,0,0
81,14424,0,0,0,0,0,0,0,0
261,14428,56,2,0,0,0,0,0,0
52,14429,0,0,0,0,0,0,0,0
86,14432,81,1,0,0,0,0,0,0
87,14436,2,0,0,0,0,0,0,0
88,14440,0,0,0,0,0,0,0,0
95,14444,0,0,0,0,0,0,0,0
96,14448,59,1,0,0,0,0,0,0
97,14452,2,0,0,0,0,0,0,0
98,14456,0,0,0,0,0,0,0,0
351,14459,0,0,0,0,42,1,80,2
259,14467,98,255,94,32,116,255,0,0
260,14477,253,255,1,0,2,0,0,0
261,14487,56,2,0,0,0,0,0,0
0,14515,0,0,0,0,0,0,0,0
259,14518,126,255,69,32,108,255,0,0
75,14520,0,0,0,0,0,0,0,0
76,14522,0,0,0,0,1,0,10,0
77,14526,106,50,0,0,0,0,5,0
78,14530,0,0,0,0,0,0,0,0
260,14532,0,0,4,0,1,255,0,0
79,14534,0,0,0,0,0,0,0,0
81,14538,0,0,0,0,0,0,0,0
52,14542,0,0,0,0,0,0,0,0
261,14544,43,2,0,0,0,0,0,0
86,14546,81,1,0,0,0,0,0,0
87,14551,2,0,0,0,0,0,0,0
88,14554,0,0,0,0,0,0,0,0
95,14558,0,0,0,0,0,0,0,0
96,14562,59,1,0,0,0,0,0,0
97,14566,2,0,0,0,0,0,0,0
98,14570,0,0,0,0,0,0,0,0
351,14574,0,0,0,0,46,1,78,2
259,14583,112,255,73,32,128,255,0,0
260,14593,255,255,2,0,0,0,0,0
261,14603,56,2,0,0,0,0,0,0
306,14624,167,129,51,127,22,3,58,2
307,14626,1,0,0,0,1,0,1,0
0,14628,0,0,0,0,0,0,0,0
75,14632,0,0,0,0,0,0,0,0
76,14637,0,0,0,0,1,0,10,0
259,14640,112,255,54,32,102,255,0,0
77,14642,106,50,0,0,0,0,5,0
78,14645,0,0,0,0,0,0,0,0
79,14648,0,0,0,0,0,0,0,0
81,14652,0,0,0,0,0,0,0,0
260,14654,1,0,1,0,1,0,0,0
52,14656,0,0,0,0,0,0,0,0
86,14660,81,1,0,0,0,0,0,0
87,14664,2,0,0,0,0,0,0,0
261,14667,45,2,0,0,0,0,0,0
88,14668,0,0,0,0,0,0,0,0
95,14672,0,0,0,0,0,0,0,0
96,14676,59,1,0,0,0,0,0,0
97,14681,2,0,0,0,0,0,0,0
98,14685,0,0,0,0,0,0,0,0
351,14688,0,0,0,0,48,1,82,2
259,14703,100,255,64,32,83,255,0,0
260,14713,255,255,0,0,1,0,0,0
261,14724,51,2,0,0,0,0,0,0
0,14743,0,0,0,0,0,0,0,0
75,14746,0,0,0,0,0,0,0,0
76,14750,0,0,0,0,1,0,10,0
77,14754,106,50,0,0,0,0,5,0
259,14757,96,255,22,32,48,255,0,0
78,14758,0,0,0,0,0,0,0,0
79,14763,0,0,0,0,0,0,0,0
81,14767,0,0,0,0,0,0,0,0
260,14771,0,0,255,255,1,0,0,0
52,14772,0,0,0,0,0,0,0,0
86,14775,81,1,0,0,0,0,0,0
87,14779,2,0,0,0,0,0,0,0
88,14782,0,0,0,0,0,0,0,0
261,14785,51,2,0,0,0,0,0,0
95,14786,0,0,0,0,0,0,0,0
96,14791,59,1,0,0,0,0,0,0
97,14794,2,0,0,0,0,0,0,0
98,14798,0,0,0,0,0,0,0,0
351,14802,0,0,0,0,38,1,78,2
259,14820,121,255,246,31,32,255,0,0
260,14829,255,255,0,0,2,0,0,0
300,14834,1,129,127,129,120,129,71,129
301,14839,240,127,162,127,17,128,53,127
261,14841,53,2,0,0,0,0,0,0
302,14843,114,129,137,129,139,129,24,129
303,14848,12,128,32,128,18,128,14,128
304,14852,100,128,52,128,81,128,68,128
305,14857,150,129,168,129,148,129,139,129
0,14859,0,0,0,0,0,0,0,0
75,14861,0,0,0,0,0,0,0,0
76,14865,0,0,0,0,1,0,10,0
77,14869,106,50,0,0,0,0,5,0
78,14873,0,0,0,0,0,0,0,0
79,14876,0,0,0,0,0,0,0,0
81,14880,0,0,0,0,0,0,0,0
52,14884,0,0,0,0,0,0,0,0
86,14888,81,1,0,0,0,0,0,0
87,14893,2,0,0,0,0,0,0,0
88,14897,0,0,0,0,0,0,0,0
259,14899,100,255,50,32,92,255,0,0
95,14901,0,0,0,0,0,0,0,0
96,14905,59,1,0,0,0,0,0,0
97,14909,2,0,0,0,0,0,0,0
260,14912,253,255,3,0,1,0,0,0
98,14913,0,0,0,0,0,0,0,0
351,14917,0,0,0,0,46,1,84,2
261,14923,52,2,0,0,0,0,0,0
259,14954,118,255,80,32,102,255,0,0
260,14963,1,0,1,0,2,0,0,0
0,14971,0,0,0,0,0,0,0,0
261,14974,46,2,0,0,0,0,0,0
75,14976,0,0,0,0,0,0,0,0
76,14979,0,0,0,0,1,0,10,0
77,14983,106,50,0,0,0,0,5,0
78,14987,0,0,0,0,0,0,0,0
79,14991,0,0,0,0,0,0,0,0
81,14995,0,0,0,0,0,0,0,0
52,14999,0,0,0,0,0,0,0,0
86,15003,81,1,0,0,0,0,0,0
87,15007,2,0,0,0,0,0,0,0
88,15011,0,0,0,0,0,0,0,0
259,15014,126,255,28,32,70,255,0,0
95,15016,0,0,0,0,0,0,0,0
96,15019,59,1,0,0,0,0,0,0
97,15023,2,0,0,0,0,0,0,0
98,15027,0,0,0,0,0,0,0,0
260,15029,0,0,1,0,1,0,0,0
351,15031,0,0,0,0,48,1,78,2
261,15040,47,2,0,0,0,0,0,0
259,15070,130,255,38,32,70,255,0,0
260,15080,1,0,1,0,0,0,0,0
306,15081,168,129,53,127,22,3,58,2
307,15083,1,0,0,0,1,0,1,0
0,15085,0,0,0,0,0,0,0,0
75,15089,0,0,0,0,0,0,0,0
76,15093,0,0,0,0,1,0,10,0
261,15097,53,2,0,0,0,0,0,0
77,15098,106,50,0,0,0,0,5,0
78,15101,0,0,0,0,0,0,0,0
79,15106,0,0,0,0,0,0,0,0
81,15109,0,0,0,0,0,0,0,0
52,15113,0,0,0,0,0,0,0,0
86,15117,81,1,0,0,0,0,0,0
87,15121,2,0,0,0,0,0,0,0
88,15125,0,0,0,0,0,0,0,0
95,15129,0,0,0,0,0,0,0,0
96,15133,59,1,0,0,0,0,0,0
259,15137,113,255,10,32,50,255,0,0
97,15138,2,0,0,0,0,0,0,0
98,15141,0,0,0,0,0,0,0,0
351,15145,0,0,0,0,44,1,74,2
260,15150,0,0,1,0,0,0,0,0
261,15160,51,2,0,0,0,0,0,0
259,15191,122,255,10,32,80,255,0,0
0,15200,0,0,0,0,0,0,0,0
260,15202,0,0,0,0,0,0,0,0
75,15203,0,0,0,0,0,0,0,0
76,15207,0,0,0,0,1,0,10,0
77,15211,106,50,0,0,0,0,5,0
261,15214,62,2,0,0,0,0,0,0
78,15215,0,0,0,0,0,0,0,0
79,15219,0,0,0,0,0,0,0,0
81,15223,0,0,0,0,0,0,0,0
52,15227,0,0,0,0,0,0,0,0
86,15232,81,1,0,0,0,0,0,0
87,15236,2,0,0,0,0,0,0,0
88,15240,0,0,0,0,0,0,0,0
95,15244,0,0,0,0,0,0,0,0
96,15247,59,1,0,0,0,0,0,0
97,15251,2,0,0,0,0,0,0,0
259,15254,121,255,31,32,71,255,0,0
98,15256,0,0,0,0,0,0,0,0
351,15259,0,0,0,0,42,1,78,2
260,15266,2,0,1,0,1,0,0,0
261,15277,54,2,0,0,0,0,0,0
300,15292,2,129,129,129,122,129,72,129
301,15296,242,127,166,127,18,128,55,127
302,15300,116,129,138,129,140,129,25,129
303,15304,14,128,34,128,20,128,16,128
304,15309,100,128,54,128,82,128,69,128
305,15313,150,129,168,129,150,129,140,129
0,15315,0,0,0,0,0,0,0,0
75,15318,0,0,0,0,0,0,0,0
76,15322,0,0,0,0,1,0,10,0
77,15326,106,50,0,0,0,0,5,0
259,15329,118,255,43,32,94,255,0,0
78,15330,0,0,0,0,0,0,0,0
79,15334,0,0,0,0,0,0,0,0
81,15338,0,0,0,0,0,0,0,0
260,15341,255,255,0,0,2,0,0,0
52,15343,0,0,0,0,0,0,0,0
86,15345,81,1,0,0,0,0,0,0
87,15349,2,0,0,0,0,0,0,0
88,15353,0,0,0,0,0,0,0,0
261,15355,45,2,0,0,0,0,0,0
95,15357,0,0,0,0,0,0,0,0
96,15362,59,1,0,0,0,0,0,0
97,15366,2,0,0,0,0,0,0,0
98,15370,0,0,0,0,0,0,0,0
351,15374,0,0,0,0,44,1,84,2
259,15390,123,255,37,32,78,255,0,0
260,15400,0,0,1,0,1,0,0,0
261,15411,55,2,0,0,0,0,0,0
0,15428,0,0,0,0,0,0,0,0
75,15432,0,0,0,0,0,0,0,0
76,15435,0,0,0,0,1,0,10,0
77,15439,106,50,0,0,0,0,5,0
78,15443,0,0,0,0,0,0,0,0
259,15446,120,255,34,32,69,255,0,0
79,15448,0,0,0,0,0,0,0,0
81,15452,0,0,0,0,0,0,0,0
52,15456,0,0,0,0,0,0,0,0
260,15459,0,0,0,0,1,0,0,0
86,15460,81,1,0,0,0,0,0,0
87,15464,2,0,0,0,0,0,0,0
88,15468,0,0,0,0,0,0,0,0
261,15472,47,2,0,0,0,0,0,0
95,15473,0,0,0,0,0,0,0,0
96,15476,59,1,0,0,0,0,0,0
97,15479,2,0,0,0,0,0,0,0
98,15483,0,0,0,0,0,0,0,0
351,15488,0,0,0,0,42,1,78,2
259,15507,125,255,40,32,84,255,0,0
260,15517,0,0,0,0,0,0,0,0
261,15526,51,2,0,0,0,0,0,0
306,15538,168,129,55,127,22,3,58,2
307,15539,1,0,0,0,1,0,1,0
0,15543,0,0,0,0,0,0,0,0
75,15546,0,0,0,0,0,0,0,0
76,15550,0,0,0,0,1,0,10,0
77,15554,106,50,0,0,0,0,5,0
78,15558,0,0,0,0,0,0,0,0
79,15562,0,0,0,0,0,0,0,0
81,15566,0,0,0,0,0,0,0,0
259,15568,115,255,44,32,89,255,0,0
52,15570,0,0,0,0,0,0,0,0
86,15574,81,1,0,0,0,0,0,0
87,15578,2,0,0,0,0,0,0,0
260,15581,0,0,255,255,1,0,0,0
88,15583,0,0,0,0,0,0,0,0
95,15586,0,0,0,0,0,0,0,0
96,15590,59,1,0,0,0,0,0,0
261,15594,53,2,0,0,0,0,0,0
97,15595,2,0,0,0,0,0,0,0
98,15598,0,0,0,0,0,0,0,0
351,15602,0,0,0,0,48,1,96,2
259,15627,114,255,28,32,71,255,0,0
260,15637,2,0,0,0,1,0,0,0
261,15647,45,2,0,0,0,0,0,0
0,15656,0,0,0,0,0,0,0,0
75,15661,0,0,0,0,0,0,0,0
76,15665,0,0,0,0,1,0,10,0
77,15668,106,50,0,0,0,0,5,0
78,15672,0,0,0,0,0,0,0,0
79,15676,0,0,0,0,0,0,0,0
81,15680,0,0,0,0,0,0,0,0
259,15684,119,255,25,32,81,255,0,0
52,15686,0,0,0,0,0,0,0,0
86,15688,81,1,0,0,0,0,0,0
87,15692,2,0,0,0,0,0,0,0
88,15696,0,0,0,0,0,0,0,0
260,15698,0,0,0,0,0,0,0,0
95,15700,0,0,0,0,0,0,0,0
96,15705,59,1,0,0,0,0,0,0
97,15709,2,0,0,0,0,0,0,0
261,15711,60,2,0,0,0,0,0,0
98,15713,0,0,0,0,0,0,0,0
351,15716,0,0,0,0,44,1,80,2
259,15744,115,255,17,32,74,255,0,0
300,15748,4,129,131,129,124,129,73,129
301,15752,243,127,171,127,19,128,56,127
260,15755,1,0,0,0,0,0,0,0
302,15757,118,129,139,129,142,129,26,129
303,15761,15,128,36,128,22,128,16,128
304,15765,101,128,55,128,84,128,70,128
305,15769,153,129,171,129,151,129,141,129
0,15771,0,0,0,0,0,0,0,0
75,15774,0,0,0,0,0,0,0,0
76,15778,0,0,0,0,1,0,10,0
77,15782,106,50,0,0,0,0,5,0
261,15785,62,2,0,0,0,0,0,0
78,15787,0,0,0,0,0,0,0,0
79,15791,0,0,0,0,0,0,0,0
81,15795,0,0,0,0,0,0,0,0
52,15799,0,0,0,0,0,0,0,0
86,15803,81,1,0,0,0,0,0,0
87,15806,2,0,0,0,0,0,0,0
88,15810,0,0,0,0,0,0,0,0
95,15814,0,0,0,0,0,0,0,0
96,15818,59,1,0,0,0,0,0,0
97,15822,2,0,0,0,0,0,0,0
259,15825,118,255,28,32,88,255,0,0
98,15827,0,0,0,0,0,0,0,0
351,15831,0,0,0,0,48,1,78,2
260,15838,0,0,255,255,1,0,0,0
261,15847,56,2,0,0,0,0,0,0
259,15878,128,255,22,32,84,255,0,0
0,15885,0,0,0,0,0,0,0,0
260,15889,255,255,1,0,1,0,0,0
75,15890,0,0,0,0,0,0,0,0
76,15893,0,0,0,0,1,0,10,0
77,15897,106,50,0,0,0,0,5,0
78,15900,0,0,0,0,0,0,0,0
261,15902,57,2,0,0,0,0,0,0
79,15904,0,0,0,0,0,0,0,0
81,15908,0,0,0,0,0,0,0,0
52,15912,0,0,0,0,0,0,0,0
86,15917,81,1,0,0,0,0,0,0
87,15921,2,0,0,0,0,0,0,0
88,15925,0,0,0,0,0,0,0,0
95,15929,0,0,0,0,0,0,0,0
96,15933,59,1,0,0,0,0,0,0
97,15937,2,0,0,0,0,0,0,0
98,15941,0,0,0,0,0,0,0,0
259,15943,113,255,36,32,84,255,0,0
351,15945,0,0,0,0,44,1,72,2
260,15953,0,0,1,0,0,0,0,0
261,15964,53,2,0,0,0,0,0,0
259,15993,117,255,42,32,85,255,0,0
306,15995,171,129,56,127,22,3,58,2
307,15997,1,0,0,0,1,0,1,0
0,16000,0,0,0,0,0,0,0,0
75,16003,0,0,0,0,0,0,0,0
76,16007,0,0,0,0,1,0,10,0
260,16011,2,0,1,0,1,0,0,0
77,16012,106,50,0,0,0,0,5,0
78,16015,0,0,0,0,0,0,0,0
79,16019,0,0,0,0,0,0,0,0
81,16023,0,0,0,0,0,0,0,0
261,16025,51,2,0,0,0,0,0,0
52,16027,0,0,0,0,0,0,0,0
86,16031,81,1,0,0,0,0,0,0
87,16035,2,0,0,0,0,0,0,0
88,16038,0,0,0,0,0,0,0,0
95,16044,0,0,0,0,0,0,0,0
96,16047,59,1,0,0,0,0,0,0
97,16051,2,0,0,0,0,0,0,0
98,16055,0,0,0,0,0,0,0,0
351,16059,0,0,0,0,42,1,80,2
259,16064,124,255,36,32,92,255,0,0
260,16074,0,0,1,0,0,0,0,0
261,16083,49,2,0,0,0,0,0,0
0,16113,0,0,0,0,0,0,0,0
259,16115,115,255,36,32,86,255,0,0
75,16117,0,0,0,0,0,0,0,0
76,16121,0,0,0,0,1,0,10,0
77,16125,106,50,0,0,0,0,5,0
260,16128,0,0,255,255,1,0,0,0
78,16130,0,0,0,0,0,0,0,0
79,16133,0,0,0,0,0,0,0,0
81,16137,0,0,0,0,0,0,0,0
261,16141,51,2,0,0,0,0,0,0
52,16142,0,0,0,0,0,0,0,0
86,16145,81,1,0,0,0,0,0,0
87,16149,2,0,0,0,0,0,0,0
88,16153,0,0,0,0,0,0,0,0
95,16157,0,0,0,0,0,0,0,0
96,16161,59,1,0,0,0,0,0,0
97,16165,2,0,0,0,0,0,0,0
98,16169,0,0,0,0,0,0,0,0
351,16174,0,0,0,0,64,1,80,2
259,16180,110,255,30,32,88,255,0,0
260,16190,1,0,2,0,1,0,0,0
261,16200,57,2,0,0,0,0,0,0
300,16204,9,129,132,129,126,129,85,129
301,16209,252,127,174,127,21,128,100,127
302,16214,122,129,140,129,143,129,47,129
303,16218,17,128,36,128,22,128,18,128
304,16222,103,128,57,128,85,128,71,128
305,16227,155,129,171,129,152,129,142,129
0,16229,0,0,0,0,0,0,0,0
75,16231,0,0,0,0,0,0,0,0
76,16235,0,0,0,0,1,0,10,0
77,16239,106,50,0,0,0,0,5,0
78,16243,0,0,0,0,0,0,0,0
79,16247,0,0,0,0,0,0,0,0
81,16251,0,0,0,0,0,0,0,0
52,16256,0,0,0,0,0,0,0,0
259,16258,127,255,46,32,92,255,0,0
86,16260,81,1,0,0,0,0,0,0
87,16264,2,0,0,0,0,0,0,0
88,16268,0,0,0,0,0,0,0,0
260,16270,0,0,1,0,2,0,0,0
95,16272,0,0,0,0,0,0,0,0
96,16275,59,1,0,0,0,0,0,0
97,16279,2,0,0,0,0,0,0,0
261,16283,54,2,0,0,0,0,0,0
98,16284,0,0,0,0,0,0,0,0
351,16287,0,0,0,0,44,1,86,2
259,16315,104,255,38,32,86,255,0,0
260,16325,0,0,1,0,0,0,0,0
261,16335,60,2,0,0,0,0,0,0
0,16342,0,0,0,0,0,0,0,0
75,16346,0,0,0,0,0,0,0,0
76,16350,0,0,0,0,1,0,10,0
77,16354,106,50,0,0,0,0,5,0
78,16358,0,0,0,0,0,0,0,0
79,16362,0,0,0,0,0,0,0,0
81,16365,0,0,0,0,0,0,0,0
52,16369,0,0,0,0,0,0,0,0
259,16373,130,255,34,32,90,255,0,0
86,16375,81,1,0,0,0,0,0,0
87,16377,2,0,0,0,0,0,0,0
88,16381,0,0,0,0,0,0,0,0
95,16386,0,0,0,0,0,0,0,0
260,16388,0,0,2,0,2,0,0,0
96,16390,59,1,0,0,0,0,0,0
97,16394,2,0,0,0,0,0,0,0
98,16398,0,0,0,0,0,0,0,0
261,16401,47,2,0,0,0,0,0,0
351,16402,0,0,0,0,46,1,84,2
259,16432,115,255,34,32,88,255,0,0
260,16442,255,255,0,0,1,0,0,0
306,16451,171,129,100,127,23,3,58,2
261,16453,49,2,0,0,0,0,0,0
307,16454,1,0,0,0,1,0,1,0
0,16456,0,0,0,0,0,0,0,0
75,16459,0,0,0,0,0,0,0,0
76,16463,0,0,0,0,1,0,10,0
77,16467,106,50,0,0,0,0,5,0
78,16472,0,0,0,0,0,0,0,0
79,16476,0,0,0,0,0,0,0,0
81,16480,0,0,0,0,0,0,0,0
52,16484,0,0,0,0,0,0,0,0
86,16488,81,1,0,0,0,0,0,0
87,16492,2,0,0,0,0,0,0,0
259,16496,118,255,37,32,82,255,0,0
88,16497,0,0,0,0,0,0,0,0
95,16500,0,0,0,0,0,0,0,0
96,16503,59,1,0,0,0,0,0,0
97,16507,2,0,0,0,0,0,0,0
260,16509,255,255,1,0,1,0,0,0
98,16512,0,0,0,0,0,0,0,0
351,16516,0,0,0,0,44,1,84,2
261,16522,58,2,0,0,0,0,0,0
259,16551,118,255,42,32,95,255,0,0
260,16562,255,255,1,0,0,0,0,0
0,16570,0,0,0,0,0,0,0,0
261,16573,42,2,0,0,0,0,0,0
75,16574,0,0,0,0,0,0,0,0
76,16578,0,0,0,0,1,0,10,0
77,16582,106,50,0,0,0,0,5,0
78,16586,0,0,0,0,0,0,0,0
79,16590,0,0,0,0,0,0,0,0
81,16594,0,0,0,0,0,0,0,0
52,16598,0,0,0,0,0,0,0,0
86,16602,81,1,0,0,0,0,0,0
87,16606,2,0,0,0,0,0,0,0
88,16610,0,0,0,0,0,0,0,0
259,16613,122,255,24,32,75,255,0,0
95,16615,0,0,0,0,0,0,0,0
96,16618,59,1,0,0,0,0,0,0
97,16622,2,0,0,0,0,0,0,0
260,16626,0,0,0,0,1,0,0,0
98,16627,0,0,0,0,0,0,0,0
351,16630,0,0,0,0,32,1,88,2
261,16637,56,2,0,0,0,0,0,0
300,16662,6,129,133,129,126,129,76,129
301,16666,246,127,178,127,21,128,58,127
259,16669,110,255,25,32,77,255,0,0
302,16670,120,129,141,129,144,129,28,129
303,16674,16,128,36,128,23,128,19,128
304,16679,102,128,58,128,86,128,71,128
305,16684,153,129,172,129,153,129,142,129
0,16686,0,0,0,0,0,0,0,0
75,16689,0,0,0,0,0,0,0,0
76,16692,0,0,0,0,1,0,10,0
77,16696,106,50,0,0,0,0,5,0
260,16699,0,0,0,0,0,0,0,0
78,16700,0,0,0,0,0,0,0,0
79,16704,0,0,0,0,0,0,0,0
81,16708,0,0,0,0,0,0,0,0
261,16712,56,2,0,0,0,0,0,0
52,16713,0,0,0,0,0,0,0,0
86,16716,81,1,0,0,0,0,0,0
87,16720,2,0,0,0,0,0,0,0
88,16724,0,0,0,0,0,0,0,0
95,16729,0,0,0,0,0,0,0,0
96,16733,59,1,0,0,0,0,0,0
97,16736,2,0,0,0,0,0,0,0
98,16740,0,0,0,0,0,0,0,0
351,16745,0,0,0,0,48,1,84,2
259,16751,125,255,40,32,86,255,0,0
260,16761,1,0,1,0,2,0,0,0
261,16772,58,2,0,0,0,0,0,0
0,16799,0,0,0,0,0,0,0,0
259,16802,115,255,38,32,79,255,0,0
75,16804,0,0,0,0,0,0,0,0
76,16806,0,0,0,0,1,0,10,0
77,16811,106,50,0,0,0,0,5,0
260,16815,1,0,0,0,1,0,0,0
78,16816,0,0,0,0,0,0,0,0
79,16819,0,0,0,0,0,0,0,0
81,16823,0,0,0,0,0,0,0,0
52,16827,0,0,0,0,0,0,0,0
261,16828,55,2,0,0,0,0,0,0
86,16830,81,1,0,0,0,0,0,0
87,16834,2,0,0,0,0,0,0,0
88,16838,0,0,0,0,0,0,0,0
95,16842,0,0,0,0,0,0,0,0
96,16846,59,1,0,0,0,0,0,0
97,16850,2,0,0,0,0,0,0,0
98,16855,0,0,0,0,0,0,0,0
351,16859,0,0,0,0,64,1,82,2
259,16867,128,255,34,32,86,255,0,0
260,16876,1,0,1,0,1,0,0,0
261,16886,56,2,0,0,0,0,0,0
306,16909,172,129,58,127,23,3,58,2
307,16910,1,0,0,0,1,0,1,0
0,16913,0,0,0,0,0,0,0,0
75,16917,0,0,0,0,0,0,0,0
76,16920,0,0,0,0,1,0,10,0
259,16922,121,255,38,32,78,255,0,0
77,16924,106,50,0,0,0,0,5,0
78,16928,0,0,0,0,0,0,0,0
79,16932,0,0,0,0,0,0,0,0
260,16935,255,255,1,0,0,0,0,0
81,16936,0,0,0,0,0,0,0,0
52,16941,0,0,0,0,0,0,0,0
86,16945,81,1,0,0,0,0,0,0
261,16949,51,2,0,0,0,0,0,0
87,16950,2,0,0,0,0,0,0,0
88,16953,0,0,0,0,0,0,0,0
95,16957,0,0,0,0,0,0,0,0
96,16961,59,1,0,0,0,0,0,0
97,16965,2,0,0,0,0,0,0,0
98,16968,0,0,0,0,0,0,0,0
351,16972,0,0,0,0,42,1,80,2
259,16986,114,255,23,32,81,255,0,0
260,16996,0,0,1,0,1,0,0,0
261,17006,67,2,0,0,0,0,0,0
0,17028,0,0,0,0,0,0,0,0
75,17031,0,0,0,0,0,0,0,0
76,17035,0,0,0,0,1,0,10,0
259,17039,121,255,40,32,82,255,0,0
77,17040,106,50,0,0,0,0,5,0
78,17043,0,0,0,0,0,0,0,0
79,17047,0,0,0,0,0,0,0,0
81,17051,0,0,0,0,0,0,0,0
260,17053,0,0,1,0,0,0,0,0
52,17055,0,0,0,0,0,0,0,0
86,17058,81,1,0,0,0,0,0,0
87,17062,2,0,0,0,0,0,0,0
261,17065,37,2,0,0,0,0,0,0
88,17068,0,0,0,0,0,0,0,0
95,17071,0,0,0,0,0,0,0,0
96,17075,59,1,0,0,0,0,0,0
97,17079,2,0,0,0,0,0,0,0
98,17083,0,0,0,0,0,0,0,0
351,17087,0,0,0,0,44,1,80,2
259,17102,112,255,35,32,86,255,0,0
260,17112,1,0,1,0,0,0,0,0
300,17119,11,129,134,129,128,129,87,129
261,17123,58,2,0,0,0,0,0,0
301,17124,255,127,181,127,22,128,102,127
302,17128,124,129,142,129,145,129,48,129
303,17132,18,128,38,128,24,128,19,128
304,17136,104,128,59,128,86,128,72,128
305,17140,155,129,172,129,155,129,144,129
0,17142,0,0,0,0,0,0,0,0
75,17145,0,0,0,0,0,0,0,0
76,17149,0,0,0,0,1,0,10,0
77,17153,106,50,0,0,0,0,5,0
78,17157,0,0,0,0,0,0,0,0
79,17161,0,0,0,0,0,0,0,0
81,17165,0,0,0,0,0,0,0,0
52,17169,0,0,0,0,0,0,0,0
86,17173,81,1,0,0,0,0,0,0
87,17177,2,0,0,0,0,0,0,0
88,17181,0,0,0,0,0,0,0,0
259,17183,112,255,38,32,86,255,0,0
95,17185,0,0,0,0,0,0,0,0
96,17189,59,1,0,0,0,0,0,0
97,17193,2,0,0,0,0,0,0,0
260,17196,1,0,0,0,1,0,0,0
98,17198,0,0,0,0,0,0,0,0
351,17201,0,0,0,0,40,1,84,2
261,17208,56,2,0,0,0,0,0,0
259,17239,123,255,42,32,86,255,0,0
260,17248,0,0,255,255,1,0,0,0
0,17256,0,0,0,0,0,0,0,0
261,17259,53,2,0,0,0,0,0,0
75,17260,0,0,0,0,0,0,0,0
76,17263,0,0,0,0,1,0,10,0
77,17267,106,50,0,0,0,0,5,0
78,17271,0,0,0,0,0,0,0,0
79,17275,0,0,0,0,0,0,0,0
81,17280,0,0,0,0,0,0,0,0
52,17284,0,0,0,0,0,0,0,0
86,17288,81,1,0,0,0,0,0,0
87,17292,2,0,0,0,0,0,0,0
88,17296,0,0,0,0,0,0,0,0
259,17298,115,255,34,32,82,255,0,0
95,17300,0,0,0,0,0,0,0,0
96,17303,59,1,0,0,0,0,0,0
97,17307,2,0,0,0,0,0,0,0
260,17311,255,255,1,0,1,0,0,0
98,17312,0,0,0,0,0,0,0,0
351,17315,0,0,0,0,64,1,92,2
261,17324,50,2,0,0,0,0,0,0
259,17353,117,255,28,32,94,255,0,0
260,17363,255,255,1,0,0,0,0,0
306,17364,172,129,102,127,23,3,58,2
307,17367,1,0,0,0,1,0,1,0
0,17370,0,0,0,0,0,0,0,0
75,17374,0,0,0,0,0,0,0,0
76,17378,0,0,0,0,1,0,10,0
261,17380,54,2,0,0,0,0,0,0
77,17382,106,50,0,0,0,0,5,0
78,17386,0,0,0,0,0,0,0,0
79,17389,0,0,0,0,0,0,0,0
81,17393,0,0,0,0,0,0,0,0
52,17397,0,0,0,0,0,0,0,0
86,17401,81,1,0,0,0,0,0,0
87,17405,2,0,0,0,0,0,0,0
88,17410,0,0,0,0,0,0,0,0
95,17414,0,0,0,0,0,0,0,0
96,17418,59,1,0,0,0,0,0,0
259,17420,113,255,30,32,78,255,0,0
97,17422,2,0,0,0,0,0,0,0
98,17426,0,0,0,0,0,0,0,0
351,17430,0,0,0,0,46,1,78,2
260,17432,2,0,0,0,1,0,0,0
261,17442,46,2,0,0,0,0,0,0
259,17473,114,255,34,32,76,255,0,0
260,17482,254,255,2,0,1,0,0,0
0,17484,0,0,0,0,0,0,0,0
75,17487,0,0,0,0,0,0,0,0
76,17491,0,0,0,0,1,0,10,0
261,17495,55,2,0,0,0,0,0,0
77,17496,106,50,0,0,0,0,5,0
78,17500,0,0,0,0,0,0,0,0
79,17504,0,0,0,0,0,0,0,0
81,17508,0,0,0,0,0,0,0,0
52,17512,0,0,0,0,0,0,0,0
86,17516,81,1,0,0,0,0,0,0
87,17520,2,0,0,0,0,0,0,0
88,17524,0,0,0,0,0,0,0,0
95,17527,0,0,0,0,0,0,0,0
96,17531,59,1,0,0,0,0,0,0
259,17534,116,255,29,32,80,255,0,0
97,17537,2,0,0,0,0,0,0,0
98,17540,0,0,0,0,0,0,0,0
351,17544,0,0,0,0,46,1,68,2
260,17548,0,0,1,0,1,0,0,0
261,17558,43,2,0,0,0,0,0,0
300,17576,7,129,134,129,129,129,78,129
301,17581,249,127,183,127,22,128,60,127
302,17585,122,129,142,129,146,129,28,129
303,17589,17,128,38,128,26,128,21,128
304,17593,103,128,60,128,87,128,72,128
259,17597,116,255,37,32,87,255,0,0
305,17599,154,129,172,129,156,129,144,129
0,17601,0,0,0,0,0,0,0,0
75,17602,0,0,0,0,0,0,0,0
76,17606,0,0,0,0,1,0,10,0
77,17610,106,50,0,0,0,0,5,0
78,17614,0,0,0,0,0,0,0,0
79,17617,0,0,0,0,0,0,0,0
260,17622,0,0,1,0,0,0,0,0
81,17624,0,0,0,0,0,0,0,0
52,17626,0,0,0,0,0,0,0,0
86,17630,81,1,0,0,0,0,0,0
87,17634,2,0,0,0,0,0,0,0
261,17636,60,2,0,0,0,0,0,0
88,17638,0,0,0,0,0,0,0,0
95,17642,0,0,0,0,0,0,0,0
96,17646,59,1,0,0,0,0,0,0
97,17650,2,0,0,0,0,0,0,0
98,17654,0,0,0,0,0,0,0,0
351,17658,0,0,0,0,34,1,82,2
259,17672,121,255,32,32,77,255,0,0
260,17682,0,0,1,0,0,0,0,0
261,17692,43,2,0,0,0,0,0,0
0,17713,0,0,0,0,0,0,0,0
75,17716,0,0,0,0,0,0,0,0
76,17720,0,0,0,0,1,0,10,0
259,17724,124,255,36,32,86,255,0,0
77,17726,106,50,0,0,0,0,5,0
78,17728,0,0,0,0,0,0,0,0
79,17732,0,0,0,0,0,0,0,0
81,17736,0,0,0,0,0,0,0,0
260,17738,0,0,1,0,1,0,0,0
52,17740,0,0,0,0,0,0,0,0
86,17744,81,1,0,0,0,0,0,0
87,17748,2,0,0,0,0,0,0,0
261,17752,60,2,0,0,0,0,0,0
88,17753,0,0,0,0,0,0,0,0
95,17757,0,0,0,0,0,0,0,0
96,17760,59,1,0,0,0,0,0,0
97,17764,2,0,0,0,0,0,0,0
98,17768,0,0,0,0,0,0,0,0
351,17772,0,0,0,0,46,1,82,2
259,17787,112,255,30,32,78,255,0,0
260,17798,1,0,0,0,1,0,0,0
261,17807,55,2,0,0,0,0,0,0
306,17822,172,129,60,127,23,3,58,2
307,17824,1,0,0,0,1,0,1,0
0,17826,0,0,0,0,0,0,0,0
75,17830,0,0,0,0,0,0,0,0
76,17835,0,0,0,0,1,0,10,0
77,17839,106,50,0,0,0,0,5,0
78,17843,0,0,0,0,0,0,0,0
259,17846,118,255,43,32,80,255,0,0
79,17847,0,0,0,0,0,0,0,0
81,17851,0,0,0,0,0,0,0,0
52,17854,0,0,0,0,0,0,0,0
260,17858,1,0,255,255,0,0,0,0
86,17860,81,1,0,0,0,0,0,0
87,17862,2,0,0,0,0,0,0,0
88,17866,0,0,0,0,0,0,0,0
95,17870,0,0,0,0,0,0,0,0
261,17872,48,2,0,0,0,0,0,0
96,17874,59,1,0,0,0,0,0,0
97,17879,2,0,0,0,0,0,0,0
98,17883,0,0,0,0,0,0,0,0
351,17887,0,0,0,0,46,1,96,2
259,17906,113,255,30,32,89,255,0,0
260,17916,0,0,1,0,1,0,0,0
261,17927,59,2,0,0,0,0,0,0
0,17941,0,0,0,0,0,0,0,0
75,17944,0,0,0,0,0,0,0,0
76,17948,0,0,0,0,1,0,10,0
77,17952,106,50,0,0,0,0,5,0
78,17956,0,0,0,0,0,0,0,0
259,17960,112,255,36,32,83,255,0,0
79,17963,0,0,0,0,0,0,0,0
81,17965,0,0,0,0,0,0,0,0
52,17969,0,0,0,0,0,0,0,0
86,17973,81,1,0,0,0,0,0,0
260,17975,1,0,1,0,1,0,0,0
87,17977,2,0,0,0,0,0,0,0
88,17981,0,0,0,0,0,0,0,0
95,17985,0,0,0,0,0,0,0,0
261,17987,66,2,0,0,0,0,0,0
96,17989,59,1,0,0,0,0,0,0
97,17992,2,0,0,0,0,0,0,0
98,17997,0,0,0,0,0,0,0,0
351,18000,0,0,0,0,48,1,84,2
259,18022,126,255,31,32,90,255,0,0
260,18032,255,255,255,255,1,0,0,0
300,18033,8,129,136,129,130,129,78,129
301,18037,250,127,186,127,23,128,61,127
302,18041,122,129,143,129,147,129,29,129
261,18045,56,2,0,0,0,0,0,0
303,18046,18,128,39,128,27,128,21,128
304,18051,103,128,61,128,88,128,73,128
305,18055,156,129,173,129,156,129,145,129
0,18057,0,0,0,0,0,0,0,0
75,18059,0,0,0,0,0,0,0,0
76,18063,0,0,0,0,1,0,10,0
77,18067,106,50,0,0,0,0,5,0
78,18071,0,0,0,0,0,0,0,0
79,18075,0,0,0,0,0,0,0,0
81,18079,0,0,0,0,0,0,0,0
52,18082,0,0,0,0,0,0,0,0
86,18086,81,1,0,0,0,0,0,0
87,18091,2,0,0,0,0,0,0,0
88,18095,0,0,0,0,0,0,0,0
95,18099,0,0,0,0,0,0,0,0
259,18103,112,255,40,32,83,255,0,0
96,18105,59,1,0,0,0,0,0,0
97,18107,2,0,0,0,0,0,0,0
98,18111,0,0,0,0,0,0,0,0
351,18115,0,0,0,0,42,1,80,2
260,18117,0,0,1,0,0,0,0,0
261,18126,52,2,0,0,0,0,0,0
259,18157,113,255,26,32,76,255,0,0
260,18167,1,0,1,0,1,0,0,0
0,18169,0,0,0,0,0,0,0,0
75,18173,0,0,0,0,0,0,0,0
76,18178,0,0,0,0,1,0,10,0
261,18180,54,2,0,0,0,0,0,0
77,18182,106,50,0,0,0,0,5,0
78,18185,0,0,0,0,0,0,0,0
79,18189,0,0,0,0,0,0,0,0
81,18193,0,0,0,0,0,0,0,0
52,18197,0,0,0,0,0,0,0,0
86,18201,81,1,0,0,0,0,0,0
87,18205,2,0,0,0,0,0,0,0
88,18209,0,0,0,0,0,0,0,0
95,18213,0,0,0,0,0,0,0,0
96,18217,59,1,0,0,0,0,0,0
259,18220,116,255,28,32,85,255,0,0
97,18222,2,0,0,0,0,0,0,0
98,18225,0,0,0,0,0,0,0,0
351,18229,0,0,0,0,44,1,82,2
260,18233,255,255,2,0,1,0,0,0
261,18243,55,2,0,0,0,0,0,0
259,18273,119,255,30,32,85,255,0,0
306,18279,173,129,61,127,23,3,58,2
307,18281,1,0,0,0,1,0,1,0
0,18284,0,0,0,0,0,0,0,0
75,18287,0,0,0,0,0,0,0,0
260,18289,1,0,0,0,2,0,0,0
76,18291,0,0,0,0,1,0,10,0
77,18295,106,50,0,0,0,0,5,0
78,18299,0,0,0,0,0,0,0,0
261,18301,51,2,0,0,0,0,0,0
79,18304,0,0,0,0,0,0,0,0
81,18308,0,0,0,0,0,0,0,0
52,18312,0,0,0,0,0,0,0,0
86,18315,81,1,0,0,0,0,0,0
87,18319,2,0,0,0,0,0,0,0
88,18323,0,0,0,0,0,0,0,0
95,18327,0,0,0,0,0,0,0,0
96,18331,59,1,0,0,0,0,0,0
97,18335,2,0,0,0,0,0,0,0
98,18339,0,0,0,0,0,0,0,0
259,18341,116,255,32,32,89,255,0,0
351,18343,0,0,0,0,42,1,80,2
260,18353,255,255,1,0,1,0,0,0
261,18362,41,2,0,0,0,0,0,0
259,18393,117,255,36,32,90,255,0,0
0,18398,0,0,0,0,0,0,0,0
75,18402,0,0,0,0,0,0,0,0
260,18405,1,0,2,0,1,0,0,0
76,18406,0,0,0,0,1,0,10,0
77,18409,106,50,0,0,0,0,5,0
78,18413,0,0,0,0,0,0,0,0
261,18416,52,2,0,0,0,0,0,0
79,18417,0,0,0,0,0,0,0,0
81,18421,0,0,0,0,0,0,0,0
52,18425,0,0,0,0,0,0,0,0
86,18429,81,1,0,0,0,0,0,0
87,18434,2,0,0,0,0,0,0,0
88,18438,0,0,0,0,0,0,0,0
95,18442,0,0,0,0,0,0,0,0
96,18446,59,1,0,0,0,0,0,0
97,18450,2,0,0,0,0,0,0,0
98,18454,0,0,0,0,0,0,0,0
259,18456,123,255,37,32,84,255,0,0
351,18458,0,0,0,0,46,1,80,2
260,18467,2,0,1,0,255,255,0,0
261,18478,58,2,0,0,0,0,0,0
300,18490,8,129,136,129,130,129,79,129
301,18494,251,127,189,127,23,128,62,127
302,18498,123,129,143,129,148,129,29,129
303,18503,19,128,40,128,27,128,22,128
304,18507,103,128,62,128,88,128,73,128
305,18511,155,129,173,129,157,129,146,129
0,18513,0,0,0,0,0,0,0,0
75,18515,0,0,0,0,0,0,0,0
76,18520,0,0,0,0,1,0,10,0
77,18524,106,50,0,0,0,0,5,0
78,18528,0,0,0,0,0,0,0,0
259,18531,120,255,35,32,78,255,0,0
79,18532,0,0,0,0,0,0,0,0
81,18536,0,0,0,0,0,0,0,0
52,18540,0,0,0,0,0,0,0,0
260,18544,0,0,1,0,1,0,0,0
86,18545,81,1,0,0,0,0,0,0
87,18548,2,0,0,0,0,0,0,0
88,18551,0,0,0,0,0,0,0,0
95,18555,0,0,0,0,0,0,0,0
261,18557,58,2,0,0,0,0,0,0
96,18560,59,1,0,0,0,0,0,0
97,18564,2,0,0,0,0,0,0,0
98,18568,0,0,0,0,0,0,0,0
351,18572,0,0,0,0,42,1,78,2
259,18591,125,255,28,32,86,255,0,0
260,18601,255,255,2,0,1,0,0,0
261,18612,60,2,0,0,0,0,0,0
0,18626,0,0,0,0,0,0,0,0
75,18630,0,0,0,0,0,0,0,0
76,18634,0,0,0,0,1,0,10,0
77,18638,106,50,0,0,0,0,5,0
78,18641,0,0,0,0,0,0,0,0
259,18646,108,255,38,32,88,255,0,0
79,18648,0,0,0,0,0,0,0,0
81,18650,0,0,0,0,0,0,0,0
52,18654,0,0,0,0,0,0,0,0
86,18658,81,1,0,0,0,0,0,0
260,18660,1,0,1,0,1,0,0,0
87,18662,2,0,0,0,0,0,0,0
88,18666,0,0,0,0,0,0,0,0
95,18670,0,0,0,0,0,0,0,0
261,18673,51,2,0,0,0,0,0,0
96,18674,59,1,0,0,0,0,0,0
97,18678,2,0,0,0,0,0,0,0
98,18682,0,0,0,0,0,0,0,0
351,18685,0,0,0,0,46,1,82,2
259,18707,116,255,38,32,87,255,0,0
260,18717,255,0,2,0,0,0,0,0
261,18727,53,2,0,0,0,0,0,0
306,18737,173,129,62,127,23,3,58,2
307,18738,1,0,0,0,1,0,1,0
0,18741,0,0,0,0,0,0,0,0
75,18744,0,0,0,0,0,0,0,0
76,18748,0,0,0,0,1,0,10,0
77,18752,106,50,0,0,0,0,5,0
78,18756,0,0,0,0,0,0,0,0
79,18760,0,0,0,0,0,0,0,0
81,18764,0,0,0,0,0,0,0,0
259,18768,112,255,31,32,88,255,0,0
52,18769,0,0,0,0,0,0,0,0
86,18772,81,1,0,0,0,0,0,0
87,18777,2,0,0,0,0,0,0,0
88,18780,0,0,0,0,0,0,0,0
260,18783,255,255,1,0,0,0,0,0
95,18784,0,0,0,0,0,0,0,0
96,18788,59,1,0,0,0,0,0,0
97,18792,2,0,0,0,0,0,0,0
261,18795,66,2,0,0,0,0,0,0
98,18796,0,0,0,0,0,0,0,0
351,18800,0,0,0,0,42,1,82,2
259,18827,115,255,24,32,89,255,0,0
260,18837,255,255,0,0,0,0,0,0
261,18847,46,2,0,0,0,0,0,0
0,18854,0,0,0,0,0,0,0,0
75,18859,0,0,0,0,0,0,0,0
76,18863,0,0,0,0,1,0,10,0
77,18867,106,50,0,0,0,0,5,0
78,18871,0,0,0,0,0,0,0,0
79,18874,0,0,0,0,0,0,0,0
81,18878,0,0,0,0,0,0,0,0
52,18882,0,0,0,0,0,0,0,0
259,18884,126,255,40,32,86,255,0,0
86,18886,81,1,0,0,0,0,0,0
87,18890,2,0,0,0,0,0,0,0
88,18894,0,0,0,0,0,0,0,0
260,18897,255,0,0,0,1,0,0,0
95,18898,0,0,0,0,0,0,0,0
96,18903,59,1,0,0,0,0,0,0
97,18907,2,0,0,0,0,0,0,0
261,18911,41,2,0,0,0,0,0,0
98,18912,0,0,0,0,0,0,0,0
351,18915,0,0,0,0,42,1,84,2
259,18942,118,255,28,32,80,255,0,0
300,18947,14,129,137,129,132,129,90,129
301,18951,3,128,191,127,25,128,106,127
260,18955,255,255,0,0,1,0,0,0
302,18956,128,129,145,129,149,129,50,129
303,18960,20,128,40,128,28,128,22,128
304,18964,105,128,63,128,89,128,74,128
305,18968,157,129,175,129,159,129,147,129
0,18970,0,0,0,0,0,0,0,0
75,18972,0,0,0,0,0,0,0,0
76,18976,0,0,0,0,1,0,10,0
77,18980,106,50,0,0,0,0,5,0
261,18984,54,2,0,0,0,0,0,0
78,18985,0,0,0,0,0,0,0,0
79,18989,0,0,0,0,0,0,0,0
81,18993,0,0,0,0,0,0,0,0
52,18997,0,0,0,0,0,0,0,0
86,19001,81,1,0,0,0,0,0,0
87,19005,2,0,0,0,0,0,0,0
88,19009,0,0,0,0,0,0,0,0
95,19012,0,0,0,0,0,0,0,0
96,19016,59,1,0,0,0,0,0,0
97,19020,2,0,0,0,0,0,0,0
259,19024,117,255,33,32,77,255,0,0
98,19026,0,0,0,0,0,0,0,0
351,19028,0,0,0,0,40,1,82,2
260,19037,255,255,1,0,1,0,0,0
261,19047,63,2,0,0,0,0,0,0
259,19077,108,255,28,32,86,255,0,0
0,19083,0,0,0,0,0,0,0,0
75,19087,0,0,0,0,0,0,0,0
260,19089,0,0,0,0,1,0,0,0
76,19091,0,0,0,0,1,0,10,0
77,19095,106,50,0,0,0,0,5,0
78,19099,0,0,0,0,0,0,0,0
261,19101,47,2,0,0,0,0,0,0
79,19103,0,0,0,0,0,0,0,0
81,19106,0,0,0,0,0,0,0,0
52,19110,0,0,0,0,0,0,0,0
86,19115,81,1,0,0,0,0,0,0
87,19119,2,0,0,0,0,0,0,0
88,19123,0,0,0,0,0,0,0,0
95,19127,0,0,0,0,0,0,0,0
96,19131,59,1,0,0,0,0,0,0
97,19135,2,0,0,0,0,0,0,0
98,19139,0,0,0,0,0,0,0,0
259,19141,107,255,30,32,80,255,0,0
351,19143,0,0,0,0,46,1,80,2
260,19151,1,0,0,0,0,0,0,0
261,19162,51,2,0,0,0,0,0,0
259,19192,124,255,32,32,84,255,0,0
306,19193,175,129,106,127,23,3,58,2
307,19195,1,0,0,0,1,0,1,0
0,19197,0,0,0,0,0,0,0,0
75,19201,0,0,0,0,0,0,0,0
76,19205,0,0,0,0,1,0,10,0
260,19208,0,0,0,0,1,0,0,0
77,19209,106,50,0,0,0,0,5,0
78,19213,0,0,0,0,0,0,0,0
79,19217,0,0,0,0,0,0,0,0
261,19221,45,2,0,0,0,0,0,0
81,19222,0,0,0,0,0,0,0,0
52,19225,0,0,0,0,0,0,0,0
86,19229,81,1,0,0,0,0,0,0
87,19233,2,0,0,0,0,0,0,0
88,19237,0,0,0,0,0,0,0,0
95,19241,0,0,0,0,0,0,0,0
96,19245,59,1,0,0,0,0,0,0
97,19250,2,0,0,0,0,0,0,0
98,19253,0,0,0,0,0,0,0,0
351,19257,0,0,0,0,42,1,80,2
259,19261,122,255,37,32,83,255,0,0
260,19271,255,255,0,0,2,0,0,0
261,19281,48,2,0,0,0,0,0,0
259,19311,116,255,39,32,84,255,0,0
0,19313,0,0,0,0,0,0,0,0
75,19315,0,0,0,0,0,0,0,0
76,19319,0,0,0,0,1,0,10,0
260,19323,255,0,2,0,1,0,0,0
77,19324,106,50,0,0,0,0,5,0
78,19328,0,0,0,0,0,0,0,0
79,19332,0,0,0,0,0,0,0,0
81,19336,0,0,0,0,0,0,0,0
261,19338,57,2,0,0,0,0,0,0
52,19339,0,0,0,0,0,0,0,0
86,19343,81,1,0,0,0,0,0,0
87,19347,2,0,0,0,0,0,0,0
88,19351,0,0,0,0,0,0,0,0
95,19355,0,0,0,0,0,0,0,0
96,19359,59,1,0,0,0,0,0,0
97,19363,2,0,0,0,0,0,0,0
98,19367,0,0,0,0,0,0,0,0
351,19372,0,0,0,0,48,1,80,2
259,19377,119,255,42,32,85,255,0,0
260,19386,0,0,2,0,2,0,0,0
261,19396,56,2,0,0,0,0,0,0
300,19403,10,129,138,129,132,129,80,129
301,19408,253,127,192,127,25,128,63,127
302,19412,125,129,145,129,150,129,30,129
303,19417,20,128,41,128,27,128,23,128
304,19421,104,128,64,128,90,128,74,128
305,19425,155,129,174,129,160,129,147,129
0,19427,0,0,0,0,0,0,0,0
75,19430,0,0,0,0,0,0,0,0
76,19433,0,0,0,0,1,0,10,0
77,19437,106,50,0,0,0,0,5,0
78,19441,0,0,0,0,0,0,0,0
79,19445,0,0,0,0,0,0,0,0
81,19449,0,0,0,0,0,0,0,0
259,19452,112,255,34,32,78,255,0,0
52,19454,0,0,0,0,0,0,0,0
86,19458,81,1,0,0,0,0,0,0
87,19462,2,0,0,0,0,0,0,0
260,19466,1,0,3,0,1,0,0,0
88,19467,0,0,0,0,0,0,0,0
95,19470,0,0,0,0,0,0,0,0
96,19474,59,1,0,0,0,0,0,0
97,19477,2,0,0,0,0,0,0,0
261,19479,51,2,0,0,0,0,0,0
98,19481,0,0,0,0,0,0,0,0
351,19485,0,0,0,0,44,1,86,2
259,19511,120,255,40,32,84,255,0,0
260,19521,255,255,0,0,1,0,0,0
261,19530,50,2,0,0,0,0,0,0
0,19540,0,0,0,0,0,0,0,0
75,19544,0,0,0,0,0,0,0,0
76,19548,0,0,0,0,1,0,10,0
77,19552,106,50,0,0,0,0,5,0
78,19556,0,0,0,0,0,0,0,0
79,19560,0,0,0,0,0,0,0,0
81,19564,0,0,0,0,0,0,0,0
259,19567,117,255,35,32,81,255,0,0
52,19568,0,0,0,0,0,0,0,0
86,19571,81,1,0,0,0,0,0,0
87,19575,2,0,0,0,0,0,0,0
260,19579,255,255,0,0,1,0,0,0
88,19581,0,0,0,0,0,0,0,0
95,19584,0,0,0,0,0,0,0,0
96,19588,59,1,0,0,0,0,0,0
97,19592,2,0,0,0,0,0,0,0
261,19594,62,2,0,0,0,0,0,0
98,19596,0,0,0,0,0,0,0,0
351,19600,0,0,0,0,50,1,74,2
259,19625,114,255,40,32,92,255,0,0
260,19636,255,255,2,0,0,0,0,0
261,19646,49,2,0,0,0,0,0,0
306,19650,174,129,63,127,23,3,58,2
307,19652,1,0,0,0,1,0,1,0
0,19654,0,0,0,0,0,0,0,0
75,19658,0,0,0,0,0,0,0,0
76,19662,0,0,0,0,1,0,10,0
77,19665,106,50,0,0,0,0,5,0
78,19670,0,0,0,0,0,0,0,0
79,19674,0,0,0,0,0,0,0,0
81,19678,0,0,0,0,0,0,0,0
52,19682,0,0,0,0,0,0,0,0
86,19686,81,1,0,0,0,0,0,0
259,19687,118,255,40,32,86,255,0,0
87,19690,2,0,0,0,0,0,0,0
88,19694,0,0,0,0,0,0,0,0
95,19698,0,0,0,0,0,0,0,0
260,19699,0,0,0,0,255,0,0,0
96,19702,59,1,0,0,0,0,0,0
97,19706,2,0,0,0,0,0,0,0
98,19710,0,0,0,0,0,0,0,0
261,19713,58,2,0,0,0,0,0,0
351,19714,0,0,0,0,46,1,78,2
259,19742,114,255,32,32,88,255,0,0
260,19752,0,0,255,255,1,0,0,0
261,19762,51,2,0,0,0,0,0,0
0,19769,0,0,0,0,0,0,0,0
75,19772,0,0,0,0,0,0,0,0
76,19776,0,0,0,0,1,0,10,0
77,19780,106,50,0,0,0,0,5,0
78,19784,0,0,0,0,0,0,0,0
79,19788,0,0,0,0,0,0,0,0
81,19792,0,0,0,0,0,0,0,0
52,19796,0,0,0,0,0,0,0,0
259,19800,126,255,36,32,80,255,0,0
86,19801,81,1,0,0,0,0,0,0
87,19804,2,0,0,0,0,0,0,0
88,19808,0,0,0,0,0,0,0,0
95,19812,0,0,0,0,0,0,0,0
260,19813,1,0,1,0,1,0,0,0
96,19816,59,1,0,0,0,0,0,0
97,19820,2,0,0,0,0,0,0,0
98,19824,0,0,0,0,0,0,0,0
261,19826,55,2,0,0,0,0,0,0
351,19828,0,0,0,0,48,1,78,2
259,19856,117,255,39,32,85,255,0,0
300,19861,15,129,139,129,133,129,91,129
301,19865,4,128,194,127,26,128,107,127
302,19869,129,129,145,129,149,129,50,129
260,19871,1,0,0,0,2,0,0,0
303,19873,22,128,42,128,29,128,24,128
304,19877,106,128,65,128,90,128,75,128
305,19883,157,129,175,129,161,129,147,129
0,19885,0,0,0,0,0,0,0,0
75,19887,0,0,0,0,0,0,0,0
76,19891,0,0,0,0,1,0,10,0
77,19895,106,50,0,0,0,0,5,0
78,19898,0,0,0,0,0,0,0,0
261,19900,55,2,0,0,0,0,0,0
79,19902,0,0,0,0,0,0,0,0
81,19906,0,0,0,0,0,0,0,0
52,19910,0,0,0,0,0,0,0,0
86,19914,81,1,0,0,0,0,0,0
87,19918,2,0,0,0,0,0,0,0
88,19922,0,0,0,0,0,0,0,0
95,19927,0,0,0,0,0,0,0,0
96,19931,59,1,0,0,0,0,0,0
259,19935,113,255,30,32,85,255,0,0
97,19936,2,0,0,0,0,0,0,0
98,19939,0,0,0,0,0,0,0,0
351,19942,0,0,0,0,38,1,78,2
260,19946,255,255,2,0,0,0,0,0
261,19956,54,2,0,0,0,0,0,0
259,19987,113,255,38,32,84,255,0,0
260,19996,1,0,255,255,1,0,0,0
0,19998,0,0,0,0,0,0,0,0
75,20001,0,0,0,0,0,0,0,0
76,20004,0,0,0,0,1,0,10,0
77,20008,106,50,0,0,0,0,5,0
261,20009,45,2,0,0,0,0,0,0
78,20013,0,0,0,0,0,0,0,0
79,20017,0,0,0,0,0,0,0,0
81,20021,0,0,0,0,0,0,0,0
52,20025,0,0,0,0,0,0,0,0
86,20029,81,1,0,0,0,0,0,0
87,20033,2,0,0,0,0,0,0,0
88,20036,0,0,0,0,0,0,0,0
95,20040,0,0,0,0,0,0,0,0
96,20044,59,1,0,0,0,0,0,0
259,20045,116,255,30,32,95,255,0,0
97,20048,2,0,0,0,0,0,0,0
98,20052,0,0,0,0,0,0,0,0
351,20057,0,0,0,0,36,1,78,2
260,20058,0,0,1,0,2,0,0,0
261,20067,51,2,0,0,0,0,0,0
259,20097,108,255,31,32,78,255,0,0
306,20107,175,129,107,127,23,3,58,2
307,20108,1,0,0,0,1,0,1,0
260,20111,0,0,0,0,1,0,0,0
0,20112,0,0,0,0,0,0,0,0
75,20115,0,0,0,0,0,0,0,0
76,20119,0,0,0,0,1,0,10,0
77,20123,106,50,0,0,0,0,5,0
261,20124,49,2,0,0,0,0,0,0
78,20127,0,0,0,0,0,0,0,0
79,20131,0,0,0,0,0,0,0,0
81,20134,0,0,0,0,0,0,0,0
52,20139,0,0,0,0,0,0,0,0
86,20143,81,1,0,0,0,0,0,0
87,20147,2,0,0,0,0,0,0,0
88,20151,0,0,0,0,0,0,0,0
95,20155,0,0,0,0,0,0,0,0
259,20157,116,255,34,32,82,255,0,0
96,20159,59,1,0,0,0,0,0,0
97,20163,2,0,0,0,0,0,0,0
98,20167,0,0,0,0,0,0,0,0
260,20168,1,0,0,0,1,0,0,0
351,20171,0,0,0,0,50,1,80,2
261,20177,55,2,0,0,0,0,0,0
259,20208,122,255,33,32,82,255,0,0
260,20218,1,0,255,255,1,0,0,0
0,20226,0,0,0,0,0,0,0,0
75,20229,0,0,0,0,0,0,0,0
261,20230,49,2,0,0,0,0,0,0
76,20233,0,0,0,0,1,0,10,0
77,20237,106,50,0,0,0,0,5,0
78,20241,0,0,0,0,0,0,0,0
79,20245,0,0,0,0,0,0,0,0
81,20249,0,0,0,0,0,0,0,0
52,20253,0,0,0,0,0,0,0,0
86,20257,81,1,0,0,0,0,0,0
87,20261,2,0,0,0,0,0,0,0
259,20263,119,255,36,32,82,255,0,0
88,20265,0,0,0,0,0,0,0,0
95,20269,0,0,0,0,0,0,0,0
96,20273,59,1,0,0,0,0,0,0
260,20275,255,255,1,0,0,0,0,0
97,20277,2,0,0,0,0,0,0,0
98,20281,0,0,0,0,0,0,0,0
351,20285,0,0,0,0,48,1,78,2
261,20287,69,2,0,0,0,0,0,0
300,20317,10,129,139,129,133,129,81,129
259,20319,110,255,29,32,81,255,0,0
301,20321,254,127,196,127,25,128,64,127
302,20325,127,129,146,129,150,129,30,129
303,20330,21,128,43,128,28,128,23,128
304,20334,104,128,65,128,90,128,75,128
260,20338,2,0,0,0,1,0,0,0
305,20339,155,129,175,129,161,129,148,129
0,20341,0,0,0,0,0,0,0,0
75,20343,0,0,0,0,0,0,0,0
76,20347,0,0,0,0,1,0,10,0
77,20352,106,50,0,0,0,0,5,0
78,20356,0,0,0,0,0,0,0,0
79,20360,0,0,0,0,0,0,0,0
261,20362,53,2,0,0,0,0,0,0
81,20363,0,0,0,0,0,0,0,0
52,20367,0,0,0,0,0,0,0,0
86,20371,81,1,0,0,0,0,0,0
87,20375,2,0,0,0,0,0,0,0
88,20379,0,0,0,0,0,0,0,0
95,20383,0,0,0,0,0,0,0,0
96,20387,59,1,0,0,0,0,0,0
97,20391,2,0,0,0,0,0,0,0
259,20393,112,255,37,32,85,255,0,0
98,20396,0,0,0,0,0,0,0,0
351,20400,0,0,0,0,44,1,82,2
260,20405,255,255,0,0,0,0,0,0
261,20414,43,2,0,0,0,0,0,0
259,20445,108,255,40,32,70,255,0,0
0,20454,0,0,0,0,0,0,0,0
260,20456,0,0,2,0,1,0,0,0
75,20457,0,0,0,0,0,0,0,0
76,20461,0,0,0,0,1,0,10,0
77,20465,106,50,0,0,0,0,5,0
261,20467,52,2,0,0,0,0,0,0
78,20469,0,0,0,0,0,0,0,0
79,20473,0,0,0,0,0,0,0,0
81,20477,0,0,0,0,0,0,0,0
52,20482,0,0,0,0,0,0,0,0
86,20486,81,1,0,0,0,0,0,0
87,20490,2,0,0,0,0,0,0,0
88,20494,0,0,0,0,0,0,0,0
95,20498,0,0,0,0,0,0,0,0
259,20501,118,255,37,32,89,255,0,0
96,20503,59,1,0,0,0,0,0,0
97,20505,2,0,0,0,0,0,0,0
98,20509,0,0,0,0,0,0,0,0
260,20513,255,255,1,0,1,0,0,0
351,20515,0,0,0,0,42,1,78,2
261,20525,51,2,0,0,0,0,0,0
259,20554,122,255,39,32,89,255,0,0
306,20562,175,129,64,127,23,3,58,2
307,20563,1,0,0,0,1,0,1,0
260,20568,0,0,1,0,1,0,0,0
0,20569,0,0,0,0,0,0,0,0
75,20572,0,0,0,0,0,0,0,0
76,20576,0,0,0,0,1,0,10,0
77,20580,106,50,0,0,0,0,5,0
261,20582,41,2,0,0,0,0,0,0
78,20584,0,0,0,0,0,0,0,0
79,20588,0,0,0,0,0,0,0,0
81,20592,0,0,0,0,0,0,0,0
52,20595,0,0,0,0,0,0,0,0
86,20599,81,1,0,0,0,0,0,0
87,20603,2,0,0,0,0,0,0,0
88,20608,0,0,0,0,0,0,0,0
95,20612,0,0,0,0,0,0,0,0
96,20616,59,1,0,0,0,0,0,0
259,20618,108,255,40,32,90,255,0,0
97,20620,2,0,0,0,0,0,0,0
98,20624,0,0,0,0,0,0,0,0
351,20628,0,0,0,0,40,1,96,2
260,20629,1,0,255,255,0,0,0,0
261,20638,43,2,0,0,0,0,0,0
259,20668,118,255,33,32,82,255,0,0
260,20678,1,0,1,0,1,0,0,0
0,20682,0,0,0,0,0,0,0,0
75,20685,0,0,0,0,0,0,0,0
76,20689,0,0,0,0,1,0,10,0
261,20691,56,2,0,0,0,0,0,0
77,20694,106,50,0,0,0,0,5,0
78,20698,0,0,0,0,0,0,0,0
79,20702,0,0,0,0,0,0,0,0
81,20706,0,0,0,0,0,0,0,0
52,20710,0,0,0,0,0,0,0,0
86,20714,81,1,0,0,0,0,0,0
87,20718,2,0,0,0,0,0,0,0
88,20722,0,0,0,0,0,0,0,0
259,20723,116,255,38,32,96,255,0,0
95,20726,0,0,0,0,0,0,0,0
96,20730,59,1,0,0,0,0,0,0
260,20733,0,0,2,0,1,0,0,0
97,20734,2,0,0,0,0,0,0,0
98,20738,0,0,0,0,0,0,0,0
351,20742,0,0,0,0,44,1,86,2
261,20745,54,2,0,0,0,0,0,0
300,20772,17,129,140,129,134,129,92,129
259,20776,112,255,31,32,86,255,0,0
301,20777,6,128,198,127,26,128,108,127
302,20782,129,129,146,129,152,129,51,129
303,20786,23,128,43,128,30,128,25,128
304,20790,106,128,66,128,91,128,75,128
305,20794,159,129,176,129,161,129,148,129
0,20797,0,0,0,0,0,0,0,0
75,20800,0,0,0,0,0,0,0,0
76,20804,0,0,0,0,1,0,10,0
260,20807,0,0,0,0,1,0,0,0
77,20808,106,50,0,0,0,0,5,0
78,20812,0,0,0,0,0,0,0,0
79,20816,0,0,0,0,0,0,0,0
261,20819,62,2,0,0,0,0,0,0
81,20820,0,0,0,0,0,0,0,0
52,20825,0,0,0,0,0,0,0,0
86,20828,81,1,0,0,0,0,0,0
87,20832,2,0,0,0,0,0,0,0
88,20836,0,0,0,0,0,0,0,0
95,20840,0,0,0,0,0,0,0,0
96,20844,59,1,0,0,0,0,0,0
97,20848,2,0,0,0,0,0,0,0
259,20850,116,255,40,32,75,255,0,0
98,20852,0,0,0,0,0,0,0,0
351,20856,0,0,0,0,46,1,74,2
260,20861,1,0,2,0,1,0,0,0
261,20872,56,2,0,0,0,0,0,0
259,20901,110,255,35,32,91,255,0,0
0,20911,0,0,0,0,0,0,0,0
260,20913,255,255,2,0,0,0,0,0
75,20915,0,0,0,0,0,0,0,0
76,20918,0,0,0,0,1,0,10,0
77,20922,106,50,0,0,0,0,5,0
261,20924,56,2,0,0,0,0,0,0
78,20926,0,0,0,0,0,0,0,0
79,20930,0,0,0,0,0,0,0,0
81,20934,0,0,0,0,0,0,0,0
52,20938,0,0,0,0,0,0,0,0
86,20942,81,1,0,0,0,0,0,0
87,20946,2,0,0,0,0,0,0,0
88,20951,0,0,0,0,0,0,0,0
95,20955,0,0,0,0,0,0,0,0
259,20958,123,255,31,32,80,255,0,0
96,20959,59,1,0,0,0,0,0,0
97,20963,2,0,0,0,0,0,0,0
98,20966,0,0,0,0,0,0,0,0
260,20969,1,0,0,0,0,0,0,0
351,20970,0,0,0,0,40,1,80,2
261,20978,58,2,0,0,0,0,0,0
259,21009,120,255,37,32,85,255,0,0
260,21018,0,0,2,0,1,0,0,0
306,21020,176,129,108,127,23,3,58,2
307,21021,1,0,0,0,1,0,1,0
0,21025,0,0,0,0,0,0,0,0
75,21028,0,0,0,0,0,0,0,0
76,21032,0,0,0,0,1,0,10,0
261,21035,59,2,0,0,0,0,0,0
77,21037,106,50,0,0,0,0,5,0
78,21041,0,0,0,0,0,0,0,0
79,21045,0,0,0,0,0,0,0,0
81,21049,0,0,0,0,0,0,0,0
52,21053,0,0,0,0,0,0,0,0
86,21057,81,1,0,0,0,0,0,0
87,21060,2,0,0,0,0,0,0,0
88,21064,0,0,0,0,0,0,0,0
259,21067,109,255,32,32,81,255,0,0
95,21069,0,0,0,0,0,0,0,0
96,21072,59,1,0,0,0,0,0,0
97,21076,2,0,0,0,0,0,0,0
260,21079,1,0,2,0,255,255,0,0
98,21081,0,0,0,0,0,0,0,0
351,21085,0,0,0,0,38,1,82,2
261,21089,56,2,0,0,0,0,0,0
259,21118,110,255,33,32,90,255,0,0
260,21129,0,0,0,0,0,0,0,0
261,21139,46,2,0,0,0,0,0,0
0,21140,0,0,0,0,0,0,0,0
75,21143,0,0,0,0,0,0,0,0
76,21147,0,0,0,0,1,0,10,0
77,21150,106,50,0,0,0,0,5,0
78,21154,0,0,0,0,0,0,0,0
79,21158,0,0,0,0,0,0,0,0
81,21163,0,0,0,0,0,0,0,0
52,21167,0,0,0,0,0,0,0,0
86,21171,81,1,0,0,0,0,0,0
259,21174,121,255,31,32,82,255,0,0
87,21176,2,0,0,0,0,0,0,0
88,21179,0,0,0,0,0,0,0,0
95,21183,0,0,0,0,0,0,0,0
260,21186,0,0,2,0,1,0,0,0
96,21187,59,1,0,0,0,0,0,0
97,21191,2,0,0,0,0,0,0,0
98,21195,0,0,0,0,0,0,0,0
261,21197,56,2,0,0,0,0,0,0
351,21198,0,0,0,0,40,1,82,2
259,21227,120,255,29,32,72,255,0,0
300,21229,12,129,140,129,135,129,82,129
301,21234,0,128,199,127,26,128,65,127
302,21238,126,129,146,129,151,129,31,129
260,21242,0,0,0,0,0,0,0,0
303,21243,23,128,44,128,29,128,24,128
304,21246,105,128,67,128,91,128,75,128
305,21252,158,129,177,129,163,129,149,129
0,21254,0,0,0,0,0,0,0,0
75,21257,0,0,0,0,0,0,0,0
76,21261,0,0,0,0,1,0,10,0
77,21265,106,50,0,0,0,0,5,0
78,21269,0,0,0,0,0,0,0,0
261,21270,51,2,0,0,0,0,0,0
79,21273,0,0,0,0,0,0,0,0
81,21277,0,0,0,0,0,0,0,0
52,21281,0,0,0,0,0,0,0,0
86,21285,81,1,0,0,0,0,0,0
87,21289,2,0,0,0,0,0,0,0
88,21293,0,0,0,0,0,0,0,0
95,21297,0,0,0,0,0,0,0,0
96,21301,59,1,0,0,0,0,0,0
259,21303,114,255,40,32,87,255,0,0
97,21305,2,0,0,0,0,0,0,0
98,21309,0,0,0,0,0,0,0,0
351,21313,0,0,0,0,50,1,94,2
260,21314,1,0,0,0,1,0,0,0
261,21323,55,2,0,0,0,0,0,0
259,21353,122,255,41,32,84,255,0,0
260,21363,255,255,1,0,0,0,0,0
0,21367,0,0,0,0,0,0,0,0
75,21371,0,0,0,0,0,0,0,0
76,21376,0,0,0,0,1,0,10,0
261,21377,52,2,0,0,0,0,0,0
77,21380,106,50,0,0,0,0,5,0
78,21384,0,0,0,0,0,0,0,0
79,21387,0,0,0,0,0,0,0,0
81,21391,0,0,0,0,0,0,0,0
52,21395,0,0,0,0,0,0,0,0
86,21399,81,1,0,0,0,0,0,0
87,21403,2,0,0,0,0,0,0,0
88,21407,0,0,0,0,0,0,0,0
259,21409,118,255,34,32,76,255,0,0
95,21411,0,0,0,0,0,0,0,0
96,21415,59,1,0,0,0,0,0,0
97,21420,2,0,0,0,0,0,0,0
260,21421,1,0,0,0,1,0,0,0
98,21424,0,0,0,0,0,0,0,0
351,21428,0,0,0,0,48,1,78,2
261,21431,63,2,0,0,0,0,0,0
259,21460,121,255,37,32,85,255,0,0
260,21471,0,0,1,0,1,0,0,0
306,21476,177,129,65,127,23,3,58,2
307,21477,1,0,0,0,1,0,1,0
0,21482,0,0,0,0,0,0,0,0
75,21485,0,0,0,0,0,0,0,0
261,21486,53,2,0,0,0,0,0,0
76,21489,0,0,0,0,1,0,10,0
77,21493,106,50,0,0,0,0,5,0
78,21497,0,0,0,0,0,0,0,0
79,21501,0,0,0,0,0,0,0,0
81,21506,0,0,0,0,0,0,0,0
52,21510,0,0,0,0,0,0,0,0
86,21514,81,1,0,0,0,0,0,0
87,21518,2,0,0,0,0,0,0,0
259,21520,120,255,35,32,84,255,0,0
88,21522,0,0,0,0,0,0,0,0
95,21525,0,0,0,0,0,0,0,0
96,21529,59,1,0,0,0,0,0,0
260,21531,255,255,1,0,0,0,0,0
97,21533,2,0,0,0,0,0,0,0
98,21537,0,0,0,0,0,0,0,0
351,21541,0,0,0,0,42,1,86,2
261,21542,49,2,0,0,0,0,0,0
259,21571,114,255,41,32,83,255,0,0
260,21581,1,0,1,0,1,0,0,0
261,21592,44,2,0,0,0,0,0,0
0,21596,0,0,0,0,0,0,0,0
75,21600,0,0,0,0,0,0,0,0
76,21604,0,0,0,0,1,0,10,0
77,21608,106,50,0,0,0,0,5,0
78,21612,0,0,0,0,0,0,0,0
79,21615,0,0,0,0,0,0,0,0
81,21619,0,0,0,0,0,0,0,0
52,21623,0,0,0,0,0,0,0,0
259,21626,124,255,37,32,91,255,0,0
86,21628,81,1,0,0,0,0,0,0
87,21632,2,0,0,0,0,0,0,0
88,21636,0,0,0,0,0,0,0,0
260,21638,0,0,0,0,1,0,0,0
95,21640,0,0,0,0,0,0,0,0
96,21644,59,1,0,0,0,0,0,0
97,21648,2,0,0,0,0,0,0,0
261,21649,66,2,0,0,0,0,0,0
98,21652,0,0,0,0,0,0,0,0
351,21656,0,0,0,0,44,1,82,2
259,21679,118,255,37,32,88,255,0,0
300,21686,12,129,140,129,136,129,83,129
260,21689,0,0,1,0,1,0,0,0
301,21690,0,128,201,127,26,128,65,127
302,21694,128,129,147,129,152,129,31,129
303,21699,23,128,45,128,31,128,26,128
304,21703,105,128,67,128,92,128,76,128
305,21707,158,129,177,129,163,129,149,129
0,21710,0,0,0,0,0,0,0,0
75,21713,0,0,0,0,0,0,0,0
76,21718,0,0,0,0,1,0,10,0
261,21721,51,2,0,0,0,0,0,0
77,21722,106,50,0,0,0,0,5,0
78,21726,0,0,0,0,0,0,0,0
79,21730,0,0,0,0,0,0,0,0
81,21734,0,0,0,0,0,0,0,0
52,21738,0,0,0,0,0,0,0,0
86,21742,81,1,0,0,0,0,0,0
87,21746,2,0,0,0,0,0,0,0
88,21750,0,0,0,0,0,0,0,0
259,21753,112,255,32,32,84,255,0,0
95,21754,0,0,0,0,0,0,0,0
96,21757,59,1,0,0,0,0,0,0
97,21762,2,0,0,0,0,0,0,0
260,21764,2,0,0,0,1,0,0,0
98,21766,0,0,0,0,0,0,0,0
351,21770,0,0,0,0,44,1,80,2
261,21775,66,2,0,0,0,0,0,0
259,21805,116,255,25,32,86,255,0,0
260,21815,1,0,1,0,0,0,0,0
0,21824,0,0,0,0,0,0,0,0
261,21826,50,2,0,0,0,0,0,0
75,21828,0,0,0,0,0,0,0,0
76,21832,0,0,0,0,1,0,10,0
77,21836,106,50,0,0,0,0,5,0
78,21840,0,0,0,0,0,0,0,0
79,21844,0,0,0,0,0,0,0,0
81,21848,0,0,0,0,0,0,0,0
52,21852,0,0,0,0,0,0,0,0
86,21856,81,1,0,0,0,0,0,0
259,21859,114,255,28,32,80,255,0,0
87,21861,2,0,0,0,0,0,0,0
88,21864,0,0,0,0,0,0,0,0
95,21868,0,0,0,0,0,0,0,0
260,21870,255,255,2,0,1,0,0,0
96,21872,59,1,0,0,0,0,0,0
97,21876,2,0,0,0,0,0,0,0
98,21880,0,0,0,0,0,0,0,0
261,21881,52,2,0,0,0,0,0,0
351,21884,0,0,0,0,40,1,78,2
259,21912,116,255,25,32,85,255,0,0
260,21922,0,0,2,0,0,0,0,0
261,21933,61,2,0,0,0,0,0,0
306,21934,177,129,65,127,23,3,58,2
307,21936,1,0,0,0,1,0,1,0
0,21939,0,0,0,0,0,0,0,0
75,21942,0,0,0,0,0,0,0,0
76,21946,0,0,0,0,1,0,10,0
77,21950,106,50,0,0,0,0,5,0
78,21954,0,0,0,0,0,0,0,0
79,21958,0,0,0,0,0,0,0,0
81,21962,0,0,0,0,0,0,0,0
52,21966,0,0,0,0,0,0,0,0
86,21970,81,1,0,0,0,0,0,0
259,21971,115,255,43,32,82,255,0,0
87,21975,2,0,0,0,0,0,0,0
88,21979,0,0,0,0,0,0,0,0
260,21982,1,0,2,0,1,0,0,0
95,21983,0,0,0,0,0,0,0,0
96,21987,59,1,0,0,0,0,0,0
97,21990,2,0,0,0,0,0,0,0
261,21992,51,2,0,0,0,0,0,0
98,21994,0,0,0,0,0,0,0,0
351,21998,0,0,0,0,40,1,88,2
259,22023,119,255,29,32,78,255,0,0
260,22033,1,0,254,255,1,0,0,0
261,22042,49,2,0,0,0,0,0,0
0,22052,0,0,0,0,0,0,0,0
75,22056,0,0,0,0,0,0,0,0
76,22061,0,0,0,0,1,0,10,0
77,22065,106,50,0,0,0,0,5,0
78,22069,0,0,0,0,0,0,0,0
79,22073,0,0,0,0,0,0,0,0
81,22077,0,0,0,0,0,0,0,0
259,22078,116,255,32,32,77,255,0,0
52,22081,0,0,0,0,0,0,0